5.684341886080802e-14, 37.960409094372984, -0.09999989999985255
-5.787212037801014, 37.453153766860474, -0.12439014390229158
-11.419188266696299, 36.07586437059149, -0.1487803878047306
-16.758893548871264, 33.84618029468375, -0.17317063170716962
-21.6773292169365, 30.819115198544715, -0.19756087560960867
-26.06859271658911, 27.084822234587406, -0.22195111951204768
-29.850660599521234, 22.74898050935753, -0.2463413634144867
-32.927757963909926, 17.900934051084636, -0.27073160731692575
-35.21108040316939, 12.64464402553763, -0.2951218512193648
-36.643454700352024, 7.106825269385275, -0.3195120951218038
-37.21144789635427, 1.425118537322092, -0.34390233902424283
-36.932394000900636, -4.268127187992073, -0.3682925829266818
-35.803121556200914, -9.843556365093422, -0.3926828268291208
-33.82739077306883, -15.166073967757903, -0.41707307073155986
-31.04748874834415, -20.104552121872338, -0.4414633146339989
-27.548129890768433, -24.55055262450241, -0.46585355853643795
-23.43563405566073, -28.423077574739715, -0.490243802438877
-18.80065443957156, -31.632026337806447, -0.5146340463413159
-13.73523534859154, -34.080783394300816, -0.539024290243755
-8.357217287609323, -35.700093284918836, -0.563414534146194
-2.8020488732816036, -36.468792508812, -0.5878047780486331
2.7972301489323446, -36.405323071344206, -0.612195021951072
8.314350832531307, -35.51582239388519, -0.636585265853511
13.61808423756223, -33.79003059539451, -0.6609755097559502
18.574894741073496, -31.253324267921595, -0.6853657536583891
23.071047105957362, -27.9818239824467, -0.7097559975608282
27.02510693728574, -24.083752009199017, -0.7341462414632672
30.358831360182855, -19.65725423368645, -0.7585364853657063
32.969055388058116, -14.780996108675033, -0.7829267292681453
34.771285784859266, -9.561182367425495, -0.8073169731705843
35.73244501294389, -4.130791213411783, -0.8317072170730233
35.87193998762923, 1.3745207953927847, -0.8560974609754624
35.21396484624154, 6.8315712103885735, -0.8804877048779014
33.734097339190036, 12.11492339476241, -0.9048779487803404
31.43661952957934, 17.08835571570681, -0.9292681926827793
28.38590284993169, 21.630074739837433, -0.9536584365852184
24.693333294611957, 25.65674745824508, -0.9780486804876575
20.47073305236598, 29.108172397170623, -1.0024389243900964
15.781926683308455, 31.87589721945236, -1.0268291682925355
10.718721231892506, 33.85703530669943, -1.0512194121949745
5.411345886797412, 35.00241109240274, -1.0756096560974135
-8.881784197001252e-16, 35.33225555189509, -1.0999998999998526
4.973799150320701e-14, 35.332255551895095, -1.0999998999998526
-5.397060159726191, 34.909378296614214, -1.1243901439022916
-10.662541978657291, 33.67915840769596, -1.1487803878047307
-15.657739112736348, 31.625386733021408, -1.1731706317071697
-20.254212754299317, 28.80102096367133, -1.1975608756096088
-24.365329992251873, 25.31611812615185, -1.2219511195120476
-27.937233304928625, 21.287472164511165, -1.2463413634144866
-30.86331714218007, 16.77606194573609, -1.2707316073169257
-33.03305193878994, 11.863441307971296, -1.295121851219365
-34.38546848553828, 6.67185879857252, -1.319512095121804
-34.92851671985434, 1.3388065045357413, -1.3439023390242428
-34.704261350866695, -4.012932338179958, -1.3682925829266819
-33.69153870362, -9.265477659719654, -1.392682826829121
-31.86560416932552, -14.2860037336824, -1.41707307073156
-29.25991993177668, -18.943829947335338, -1.441463314633999
-25.96993623102346, -23.142225331321868, -1.465853558536438
-22.112086631630095, -26.820829243375357, -1.490243802438877
-17.762521868895316, -29.88996142655681, -1.5146340463413162
-12.992473499223868, -32.237411390339844, -1.5390242902437552
-7.91166207471385, -33.78648199686981, -1.5634145341461942
-2.6543701463315057, -34.52716982050644, -1.5878047780486333
2.652046097832404, -34.496734737334876, -1.6121950219510723
7.890946371858382, -33.69770022027542, -1.6365852658535114
12.93584441623803, -32.0968823258797, -1.6609755097559502
17.65377533798359, -29.707279173080863, -1.6853657536583895
21.937255055427865, -26.609019713280215, -1.7097559975608283
25.719162288800426, -22.918568857829406, -1.7341462414632676
28.928147845002435, -18.728655038353434, -1.7585364853657064
31.45071123054992, -14.099930001072831, -1.7829267292681457
33.19371258431817, -9.128931911974716, -1.8073169731705843
34.12822719953655, -3.9466919865966856, -1.8317072170730235
34.286802374113776, 1.3144015576831034, -1.8560974609754626
33.697642858342334, 6.53894812729213, -1.8804877048779016
32.319218540629535, 11.607260169426306, -1.9048779487803407
30.143095094328764, 16.38404675990828, -1.9292681926827797
27.23336526279556, 20.750416333072423, -1.9536584365852185
23.70691609554227, 24.63222930597248, -1.9780486804876578
19.67445964320595, 27.977873446775895, -2.0024389243900966
15.185810413358336, 30.672950317690194, -2.0268291682925357
10.323668837713004, 32.6071625234298, -2.0512194121949747
5.215772291516386, 33.73169519108325, -2.0756096560974138
-8.881784197001252e-16, 34.07447953015792, -2.099999899999853
4.973799150320701e-14, 34.07447953015792, -2.099999899999853
-5.208003542628618, 33.68132534988457, -2.124390143902292
-10.293008054379827, 32.51023563768287, -2.148780387804731
-15.118151713642456, 30.53635697883838, -2.17317063170717
-19.557245856551443, 27.811342326120506, -2.197560875609609
-23.53009497531246, 24.448542705267386, -2.221951119512048
-26.99044352728365, 20.56517570811185, -2.246341363414487
-29.830799262785785, 16.214166254274815, -2.270731607316926
-31.937049305361963, 11.470065013473313, -2.295121851219365
-33.248371291700636, 6.451979377028054, -2.3195120951218042
-33.7778257003248, 1.2949797706725819, -2.3439023390242433
-33.57219603366891, -3.882597727381385, -2.3682925829266823
-32.60630311937438, -8.96763004356443, -2.392682826829121
-30.84907094098925, -13.830145522514742, -2.41707307073156
-28.33134697034673, -18.341883164173446, -2.441463314633999
-25.14932677667037, -22.41053560394269, -2.4658535585364385
-21.419303804227805, -25.981197139530178, -2.490243802438877
-17.21265427189879, -28.96570050240919, -2.5146340463413166
-12.594717126397645, -31.250400309591605, -2.5390242902437556
-7.671443355520147, -32.758413436396765, -2.5634145341461947
-2.574355058770652, -33.48225100591707, -2.5878047780486333
2.572794881560729, -33.46196644544352, -2.6121950219510723
7.657501100925128, -32.69888837645426, -2.6365852658535114
12.556589462715884, -31.155797307576588, -2.6609755097559504
17.139763047475462, -28.843027336222807, -2.6853657536583895
21.302783056391917, -25.839851288770394, -2.7097559975608285
24.982214172945564, -22.26162842261953, -2.7341462414632676
28.108930023492206, -18.197902151483667, -2.7585364853657066
30.56974135283496, -13.704920008129427, -2.7829267292681457
32.27193676205123, -8.87565800633952, -2.8073169731705847
33.187770878757476, -3.8381271838438593, -2.8317072170730238
33.350642396777694, 1.2785952062787278, -2.8560974609754624
32.78799237905147, 6.362621480563844, -2.8804877048779014
31.45653375826489, 11.297482711704468, -2.904877948780341
29.346379716363895, 15.950883285403851, -2.9292681926827795
26.520112632723055, 20.206834247141444, -2.9536584365852185
23.09214641609202, 23.993491042381393, -2.978048680487658
19.1699076327458, 27.260484156924896, -3.0024389243900966
14.80067291636735, 29.89507043948239, -3.0268291682925357
10.064623678699617, 31.78894275416324, -3.0512194121949747
5.086296343623449, 32.89439105160759, -3.0756096560974138
-1.7763568394002505e-15, 33.23823905040745, -3.099999899999853
4.973799150320701e-14, 33.23823905040745, -3.099999899999853
-5.080888940348934, 32.859517380823426, -3.124390143902292
-10.04318931504552, 31.721308082018332, -3.148780387804731
-14.753470990580038, 29.799683714450516, -3.17317063170717
-19.088767291627686, 27.144989904861248, -3.197560875609609
-22.970355838727464, 23.866922105501814, -3.221951119512048
-26.3519225665422, 20.078793153531848, -3.2463413634144866
-29.128553810491724, 15.832587335679797, -3.270731607316926
-31.1897258458314, 11.201617617568006, -3.295121851219365
-32.47634497764321, 6.301989848370424, -3.3195120951218042
-32.9997478896966, 1.2650767896521558, -3.3439023390242433
-32.803342743853676, -3.7935140985584344, -3.3682925829266823
-31.862863346218624, -8.762967408610082, -3.3926828268291214
-30.149630755910426, -13.516620398370755, -3.4170730707315595
-27.694196125363153, -17.929691977965764, -3.441463314633999
-24.58889121908387, -21.911323252238745, -3.465853558536438
-20.945219870484607, -25.40581139848957, -3.4902438024388776
-16.833264577519053, -28.32670331215689, -3.5146340463413166
-12.318371319622305, -30.56477172003612, -3.5390242902437556
-7.504282427240087, -32.046054801347495, -3.5634145341461947
-2.518717412259153, -32.761568204018346, -3.5878047780486333
2.5175740375179023, -32.74683733234072, -3.6121950219510723
7.4940326693755654, -32.002502463477256, -3.636585265853511
12.290328100647926, -30.495202759130798, -3.660975509755951
16.779950878417107, -28.236772974487344, -3.6853657536583895
20.86060665458432, -25.30300472262087, -3.709755997560828
24.467559923608036, -21.80333413773584, -3.734146241463267
27.5314864820064, -17.82461023765015, -3.7585364853657066
29.944195528620362, -13.424567830215054, -3.7829267292681457
31.617680492930976, -8.695287756044163, -3.8073169731705843
32.5237146452265, -3.7609231111129566, -3.8317072170730233
32.69000702767008, 1.2530689855634285, -3.856097460975463
32.140226896703055, 6.23638545051593, -3.880487704877902
30.836398135788624, 11.07459355201739, -3.9048779487803404
28.77271746481568, 15.639542205240788, -3.9292681926827795
26.009259533307944, 19.81820340668544, -3.953658436585219
22.653133173392625, 23.537164962473902, -3.9780486804876576
18.806622228405466, 26.74289992853756, -4.002438924390097
14.52020632155546, 29.327995099332643, -4.026829168292536
9.875005972505347, 31.191222590675974, -4.051219412194975
4.991693994108937, 32.28619119451567, -4.075609656097414
-8.881784197001252e-16, 32.63286395405765, -4.099999899999853
4.973799150320701e-14, 32.63286395405765, -4.099999899999853
-4.987221100750873, 32.25745722571813, -4.124390143902292
-9.857219192657832, 31.135173353650046, -4.148780387804731
-14.481096008023886, 29.24890307667252, -4.17317063170717
-18.739775722734713, 26.647619748138922, -4.197560875609609
-22.553175734960586, 23.433254930372033, -4.221951119512048
-25.87068148995572, 19.712835724140096, -4.246341363414487
-28.59226138999911, 15.54165981610285, -4.270731607316926
-30.615215080627564, 10.995070465253255, -4.295121851219365
-31.883089778586502, 6.186173038081719, -4.319512095121804
-32.40182002941431, 1.2418868423698488, -4.343902339024243
-32.20730977459116, -3.7240201752440036, -4.368292582926681
-31.279181721290946, -8.601819658539437, -4.392682826829121
-29.595878828573724, -13.268498744380711, -4.4170730707315595
-27.188838860191716, -17.603365719926668, -4.4414633146339995
-24.144237292201257, -21.515594825885174, -4.465853558536438
-20.56664583064486, -24.945784125175166, -4.4902438024388776
-16.52675770370017, -27.80959730605097, -4.514634046341317
-12.09281007630327, -30.005213248413952, -4.539024290243756
-7.367030983684582, -31.46308399725094, -4.563414534146194
-2.4728424027957043, -32.170990744444474, -4.587804778048634
2.471749460656372, -32.15693294804047, -4.612195021951072
7.357228155010871, -31.421466208741258, -4.636585265853511
12.065987846602484, -29.938675508316756, -4.660975509755951
16.475815736685355, -27.723632332542536, -4.68536575365839
20.48590233453435, -24.84765013469652, -4.709755997560828
24.02845948829255, -21.4125702963381, -4.734146241463267
27.033362202522774, -17.502997620754066, -4.758536485365706
29.399392776434322, -13.180464206802945, -4.782926729268146
31.04480208537099, -8.537080889445226, -4.807316973170584
31.94038747305013, -3.69286765064004, -4.831707217073023
32.10633123028704, 1.2304091375070791, -4.856097460975462
31.562027906520015, 6.123444932498496, -4.880487704877901
30.277291966899966, 10.873562910103427, -4.9048779487803404
28.25199798776938, 15.357124466267965, -4.9292681926827795
25.54349114943828, 19.464096284564206, -4.9536584365852185
22.25060702842317, 23.118705179517153, -4.978048680487658
18.47037800601395, 26.2635535410638, -5.002438924390097
14.258032214478105, 28.797752001561843, -5.026829168292536
9.696322820386193, 30.62824428193871, -5.051219412194975
4.901962658594293, 31.710012984864246, -5.075609656097414
-8.881784197001252e-16, 32.05551368486801, -5.099999899999853
4.263256414560601e-14, 32.05551368486801, -5.099999899999853
-4.897590528037752, 31.681940912708683, -5.124390143902292
-9.678929344515883, 30.573444757469673, -5.148780387804731
-14.219795138583475, 28.7204174409889, -5.17317063170717
-18.405073096216938, 26.170452860303346, -5.197560875609609
-22.153010772101734, 23.017245156209466, -5.221951119512048
-25.40810828206849, 19.36117543792659, -5.246341363414487
-28.07557394060152, 15.261445308793714, -5.270731607316926
-30.06103286137335, 10.795802683372697, -5.295121851219365
-31.31077208639457, 6.07435606063926, -5.319512095121804
-31.824925499884234, 1.2194788786741284, -5.343902339024243
-31.63132843099264, -3.656796414516186, -5.368292582926682
-30.71392137722431, -8.445686580028065, -5.392682826829121
-29.058826374957206, -13.027875188742719, -5.4170730707315595
-26.698494496976252, -17.28682299374617, -5.4414633146339995
-23.712705048640267, -21.131597180022794, -5.465853558536438
-20.19881515435525, -24.49872908893123, -5.4902438024388776
-16.228378544224164, -27.306080174679426, -5.514634046341317
-11.872864208627186, -29.459595602343974, -5.539024290243756
-7.2330553031438996, -30.89429167526803, -5.563414534146194
-2.428026151796927, -31.59455064244377, -5.587804778048634
2.4269331256491578, -31.580492016093185, -5.612195021951072
7.223252099666202, -30.85267219570843, -5.636585265853512
11.84604147142932, -29.393056711057653, -5.66097550975595
16.17743492966455, -27.220112435604207, -5.685365753658389
20.1180694080275, -24.400592043613898, -5.709755997560828
23.596925220546545, -21.028571147348874, -5.734146241463268
26.54301259672979, -17.186451269452405, -5.758536485365707
28.862338685930247, -12.939840186961177, -5.782926729268146
30.479537226943375, -8.38094630025774, -5.807316973170584
31.364397449004144, -3.625642528492105, -5.831707217073023
31.529434903249673, 1.2080008023789937, -5.856097460975462
30.989697981081825, 6.011626075668629, -5.880487704877901
29.723107671126623, 10.6742937123461, -5.904877948780341
27.73530518776127, 15.076908015521251, -5.9292681926827795
25.080904510506162, 19.112426068673145, -5.9536584365852185
21.85044192651411, 22.702694971383167, -5.978048680487658
18.135662375192798, 25.78636941312823, -6.002438924390097
13.996730137090792, 28.269260899086284, -6.026829168292536
9.518029064225953, 30.066508792309204, -6.051219412194975
4.812328055943405, 31.134467711865742, -6.075609656097414
-8.881784197001252e-16, 31.478163415678377, -6.099999899999853
4.263256414560601e-14, 31.478163415678377, -6.099999899999853
-4.807955647452937, 31.106393226754026, -6.124390143902292
-9.500634838710956, 30.011707150682128, -6.148780387804731
-13.95849197969332, 28.191923299031583, -6.17317063170717
-18.070352477260027, 25.693261636749213, -6.197560875609609
-21.75284348671958, 22.601232303805602, -6.221951119512048
-24.94551292432616, 19.009498375890672, -6.246341363414487
-27.558874751304383, 14.981225620794444, -6.270731607316926
-29.5068428925525, 10.59653080147703, -6.295121851219366
-30.73842727066694, 5.962534532194074, -6.319512095121803
-31.248023122252434, 1.197069826121779, -6.343902339024243
-31.055323317919722, -3.5895693644007807, -6.368292582926681
-30.14864589606487, -8.289548840474282, -6.392682826829121
-28.52176552557195, -12.787248694208877, -6.4170730707315595
-26.208129617203966, -16.970266305686078, -6.4414633146339995
-23.28116315393082, -20.747592227944896, -6.465853558536438
-19.83097228483095, -24.051657941536057, -6.4902438024388776
-15.929989696729649, -26.802546710615268, -6.514634046341317
-11.65291472292094, -28.913969656660942, -6.539024290243756
-7.099074911108628, -30.32547777311231, -6.563414534146195
-2.3832076640265774, -31.018094370689603, -6.587804778048634
2.38211455266595, -31.004034942965433, -6.612195021951072
7.089271322812222, -30.28385656106415, -6.636585265853512
11.626091459909532, -28.84742956404452, -6.66097550975595
15.879044322635007, -26.71657600058966, -6.68536575365839
19.75022410363959, -23.953517582476202, -6.709755997560828
23.165381129663817, -20.644564566941128, -6.734146241463268
26.05264203657081, -16.869890670572715, -6.758536485365706
28.32527587445766, -12.699213097487, -6.782926729268145
29.914256625751108, -8.22480687414096, -6.807316973170584
30.788382790347644, -3.558413985074207, -6.831707217073023
30.952530317994608, 1.1855913256755835, -6.856097460975463
30.417339788539653, 5.899802432751809, -6.880487704877902
29.168915034491082, 10.475020144845754, -6.9048779487803404
27.2185998808211, 14.796685985975977, -6.9292681926827795
24.618294541823147, 18.76073822170718, -6.9536584365852185
21.450274243313878, 22.286681362551313, -6.978048680487658
17.800927795540225, 25.30915951920326, -7.002438924390097
13.735425559430034, 27.74076063635228, -7.026829168292537
9.339730374362603, 29.504763622722592, -7.051219412194975
4.722688812545372, 30.558889203132527, -7.075609656097414
0.0, 30.900813146488733, -7.099999899999853
4.263256414560601e-14, 30.900813146488737, -7.099999899999853
-4.71831611379492, 30.530812304022678, -7.124390143902292
-9.322335420825315, 29.44996002108169, -7.148780387804731
-13.697186393523253, 27.66342013949908, -7.173170631707171
-17.735612819888896, 25.21604449986201, -7.197560875609609
-21.35267370023948, 22.18521611841727, -7.221951119512048
-24.482894028501953, 18.657803577567005, -7.246341363414487
-27.042163178581824, 14.701000473538945, -7.270731607316925
-28.95264476738579, 10.397254598967189, -7.295121851219365
-30.16605372561458, 5.8507081085773205, -7.319512095121804
-30.671112423807077, 1.1746595948146346, -7.343902339024243
-30.479293044144505, -3.522338762990791, -7.368292582926681
-29.583354453925736, -8.13340616641361, -7.3926828268291205
-27.984695869696793, -12.546619122171055, -7.4170730707315595
-25.717743008641506, -16.653694899978316, -7.441463314633999
-22.84961102858173, -20.363579576350816, -7.4658535585364385
-19.463116556663426, -23.604569702566742, -7.4902438024388776
-15.631590635331865, -26.298995966083893, -7.514634046341316
-11.432961438816529, -28.368335005076162, -7.539024290243756
-6.96508949737752, -29.7566410826999, -7.563414534146195
-2.3383867609416344, -30.441621004636374, -7.587804778048634
2.3372935627388074, -30.427560801482542, -7.612195021951073
6.955285513911187, -29.715018089388984, -7.636585265853512
11.406137638961619, -28.30179367680462, -7.66097550975595
15.58064339588127, -26.213022090625117, -7.68536575365839
19.382365731859714, -23.50642574875576, -7.709755997560828
22.733826572541744, -20.260550121499854, -7.734146241463267
25.562249165428803, -16.553314986309125, -7.758536485365706
27.78820384288595, -12.45858276341814, -7.782926729268145
29.34895940076273, -8.068662319829832, -7.807316973170584
30.21234200623119, -3.491181747322809, -7.831707217073024
30.3756168891728, 1.1631805985298342, -7.856097460975462
29.844951501223292, 5.787973600697155, -7.880487704877901
28.614713551512224, 10.27574194710668, -7.9048779487803404
26.70188138117653, 14.516458086758607, -7.9292681926827795
24.155659789343634, 18.409031746148663, -7.9536584365852185
21.050103787838328, 21.870664074931565, -7.978048680487658
17.466173139024573, 24.831922143727784, -8.002438924390097
13.474118357364379, 27.212250745980555, -8.026829168292537
9.161426518462473, 28.94300842536125, -8.051219412194975
4.633044556996446, 29.983275597751998, -8.075609656097415
0.0, 30.323462877299107, -8.099999899999853
4.263256414560601e-14, 30.323462877299104, -8.099999899999853
-4.62867155661587, 29.95519630924634, -8.124390143902291
-9.144030891308468, 28.888203144868804, -8.148780387804731
-13.435878397842803, 27.134907827065216, -8.17317063170717
-17.400853278856104, 24.73880020819881, -8.197560875609609
-20.952501533635235, 21.769196717815976, -8.221951119512047
-24.02025047216834, 18.30609036413487, -8.246341363414487
-26.525438857905446, 14.420769784592292, -8.270731607316925
-28.39843845987096, 10.197974009918756, -8.295121851219365
-29.593650198139215, 5.738876529279695, -8.319512095121805
-30.09419332124507, 1.1522481285638002, -8.343902339024243
-29.90323653747809, -3.4551043444331166, -8.368292582926681
-29.018046451757556, -7.977258323681076, -8.392682826829121
-27.44761721978418, -12.3059864296403, -8.41707307073156
-25.227333569210067, -16.33710809280717, -8.441463314634
-22.41804816578286, -19.979558901468785, -8.465853558536438
-19.095247355880886, -23.157463422728497, -8.490243802438878
-15.333180811742839, -25.795426937629127, -8.514634046341317
-11.213004151248036, -27.82269118210243, -8.539024290243756
-6.831098705127761, -29.187780219205656, -8.563414534146194
-2.293563235825232, -29.865129415051562, -8.587804778048634
2.292469972861105, -29.85106876990206, -8.612195021951072
6.821294350390636, -29.146155553265423, -8.636585265853512
11.186179825134136, -27.756148640541895, -8.66097550975595
15.282231554992611, -25.70944963601709, -8.685365753658388
19.01449344929683, -23.059315328769358, -8.709755997560828
22.30226073910607, -19.876527237698788, -8.734146241463268
25.071832273619417, -16.236723166433105, -8.758536485365706
27.251121610347496, -12.217948815820934, -8.782926729268146
28.783643944073148, -7.912512165614215, -8.807316973170584
29.636272693097066, -3.4239454448381608, -8.831707217073024
29.79869320671167, 1.1407684515318024, -8.856097460975462
29.27253027471057, 5.67613893032714, -8.8804877048779
28.060501661005393, 10.076458409830211, -8.90487794878034
26.18514787268346, 14.236223337751952, -8.929268192682779
23.692997703769993, 18.057304746340424, -8.953658436585219
20.64992962778653, 21.454641975620106, -8.978048680487658
17.131396643198002, 24.354654529248076, -9.002438924390097
13.212807987265574, 26.68372969787972, -9.026829168292535
8.983117015863499, 28.38124180736861, -9.051219412194975
4.543394834548877, 29.407624240298045, -9.075609656097415
-8.881784197001252e-16, 29.74611260810948, -9.099999899999853
4.263256414560601e-14, 29.746112608109478, -9.099999899999853
-4.539021608519996, 29.379543725910427, -9.124390143902291
-8.96572113922119, 28.326436718504496, -9.148780387804731
-13.174568169031472, 26.606386586832848, -9.173170631707169
-17.066073106294425, 24.26152766401323, -9.197560875609609
-20.552327286956828, 21.353174393788045, -9.221951119512049
-23.55758122431303, 17.95435813350286, -9.246341363414487
-26.00870155942234, 14.14053355278582, -9.270731607316925
-27.84422390069968, 9.998688947476222, -9.295121851219365
-29.021215134219297, 5.627039456415089, -9.319512095121805
-29.5172653966034, 1.129835325484384, -9.343902339024243
-29.327152199991048, -3.3878657978923847, -9.368292582926681
-28.452720875265484, -7.821104975636186, -9.392682826829121
-26.91052898527124, -12.065350404880341, -9.41707307073156
-24.736899822040336, -16.020504975536564, -9.441463314634
-21.986473774237627, -19.595529659846523, -9.465853558536438
-18.727363800126223, -22.710337827134687, -9.490243802438876
-15.034759610500863, -25.29183850223832, -9.514634046341317
-10.993042681918404, -27.277037778050804, -9.539024290243756
-6.697102221738239, -28.618894009136405, -9.563414534146194
-2.248736883290956, -29.28861866437598, -9.587804778048632
2.2476435411711435, -29.274557441933624, -9.612195021951074
6.68729742137748, -28.57726737918699, -9.636585265853512
10.966217824493322, -27.210494019766614, -9.66097550975595
14.983808374503155, -25.20585781735698, -9.68536575365839
18.64660668003613, -22.61218538299272, -9.709755997560828
21.87068322307615, -19.492495693715142, -9.734146241463268
24.581390706314597, -15.920114812454035, -9.758536485365706
26.714029974249634, -11.97731162615761, -9.782926729268144
28.21831104975155, -7.756356499425383, -9.807316973170584
29.060175004849285, -3.3567048784111395, -9.831707217073024
29.221760693699053, 1.1183549312416425, -9.856097460975462
28.700076877107684, 5.564298631489762, -9.8804877048779
27.506281878779703, 9.87717050771312, -9.90487794878034
25.66840153312865, 13.955983232464668, -9.92926819268278
23.230308944408502, 17.705558111593213, -9.953658436585219
20.24975348943017, 21.038617032619, -9.978048680487658
16.79659886345858, 23.877357689872937, -10.002438924390097
12.951495568591621, 26.15519997507836, -10.026829168292537
8.804802177422577, 27.819465784570315, -10.051219412194975
4.453739280470168, 28.83193405580285, -10.075609656097413
-8.881784197001252e-16, 29.16876233891985, -10.099999899999853
3.907985046680551e-14, 29.16876233891985, -10.099999899999853
-4.44936567666608, 28.803850548185537, -10.124390143902291
-8.787405287648609, 27.7646577574082, -10.148780387804731
-12.91325448488827, 26.07785324660066, -10.17317063170717
-16.731269742664512, 23.784222807089005, -10.197560875609609
-20.152149191702975, 20.937147023115458, -10.221951119512049
-23.09488236187969, 17.602603850021907, -10.246341363414487
-25.49194821029419, 13.860290041563694, -10.270731607316927
-27.289998442509624, 9.79939825105994, -10.295121851219367
-28.44874487112802, 5.515196040838924, -10.319512095121803
-28.940326854491552, 1.1074209725495765, -10.343902339024243
-28.751036938427397, -3.3206226700809434, -10.368292582926681
-27.887375760242445, -7.664945550439235, -10.39268282682912
-26.37343003138698, -11.824710615905659, -10.41707307073156
-24.246439927244545, -15.70388442753421, -10.441463314634
-21.554887138271614, -19.211491383616817, -10.465853558536438
-18.35946489458591, -22.263191473004422, -10.490243802438878
-14.736326361390546, -24.788229433061005, -10.514634046341317
-10.77307678946486, -26.73137424042971, -10.539024290243756
-6.563099617214318, -28.049980834124934, -10.563414534146196
-2.2039074788779334, -28.712087754171982, -10.587804778048634
2.2028140286706144, -28.698025683867108, -10.612195021951072
6.553294304038062, -28.008351976917922, -10.636585265853512
10.746251382168788, -26.664829235224538, -10.66097550975595
14.685373111585289, -24.702245286624677, -10.685365753658388
18.27870456988646, -22.165034627043898, -10.709755997560828
21.439093455489814, -19.108455153434434, -10.734146241463268
24.09092274150582, -15.603488877830374, -10.758536485365706
26.17692805575818, -11.736670871625268, -10.782926729268146
27.65295905173561, -7.60019481512899, -10.807316973170584
28.48404674903383, -3.289459652064153, -10.831707217073024
28.644818554771852, 1.0959398983391646, -10.856097460975462
28.127588235728528, 5.452451994836066, -10.880487704877902
26.952052427797483, 9.677877436998967, -10.90487794878034
25.151640213073186, 13.675736611654733, -10.929268192682779
22.767590953345845, 17.353790002317012, -10.953658436585219
19.849574767393804, 20.622588480629265, -10.978048680487657
16.46177763564754, 23.40002821196634, -11.002438924390097
12.690180310490398, 25.626659435939878, -11.026829168292537
8.626481396011819, 27.25767855900141, -11.051219412194975
4.364077409656386, 28.256202806476775, -11.075609656097415
-8.881784197001252e-16, 28.591412069730215, -11.099999899999853
3.907985046680551e-14, 28.591412069730215, -11.099999899999853
-4.359703445108016, 28.22811675056854, -11.124390143902291
-8.609083811266824, 27.20286899011997, -11.148780387804731
-12.651938620653548, 25.54931064112017, -11.17317063170717
-16.396443545863573, 23.306886319108138, -11.197560875609609
-19.751969680412053, 20.521117394260994, -11.221951119512047
-22.632155060470176, 17.250828886939875, -11.246341363414485
-24.97518119283051, 13.580040880882567, -11.270731607316925
-26.7357645548566, 9.600102870502342, -11.295121851219365
-27.876239485269906, 5.403346319447731, -11.319512095121805
-28.36337936676139, 1.085005122587671, -11.343902339024243
-28.174890788310712, -3.253374716596858, -11.368292582926683
-27.322011459458082, -7.508780014746901, -11.39268282682912
-25.836320744921316, -11.584067266759902, -11.41707307073156
-23.755952403431436, -15.38724555661842, -11.441463314634
-21.123287198154596, -18.827443327468643, -11.465853558536438
-17.991550025990392, -21.816023320795757, -11.490243802438876
-14.43788041512378, -24.284598510908495, -11.514634046341317
-10.553106267465573, -26.185700115216875, -11.539024290243756
-6.429090440780395, -27.481039029080634, -11.563414534146194
-2.15907476165027, -28.13553548991705, -11.587804778048632
2.157981183605495, -28.12147240604922, -11.612195021951074
6.419284587052792, -27.43940784753442, -11.636585265853512
10.526280331382125, -26.119153909457175, -11.66097550975595
14.386925124137214, -24.19861082757603, -11.685365753658388
17.910786457788618, -21.717861961136848, -11.70975599756083
21.00748958868127, -18.72440420569255, -11.734146241463268
23.60042609585463, -15.286843984227009, -11.758536485365706
25.639814633763464, -11.496026092185007, -11.782926729268146
27.08758589845834, -7.444026498588707, -11.807316973170584
27.9078849078913, -3.222209271722445, -11.831707217073022
28.06786501413245, 1.0735231249670227, -11.856097460975462
27.55506161054543, 5.340598373773586, -11.8804877048779
26.397812568474933, 9.478578817673107, -11.90487794878034
24.634862746073107, 13.395482940841424, -11.92926819268278
22.30484134579579, 17.001998777808975, -11.953658436585219
19.449392930061617, 20.20655562960268, -11.978048680487658
16.126931788200622, 22.922664271648316, -12.002438924390098
12.428862319093025, 25.098108087681776, -12.026829168292537
8.448154404591595, 26.69587981480434, -12.051219412194975
4.27440860421905, 27.680427129649242, -12.075609656097413
-8.881784197001252e-16, 28.01406180054059, -12.099999899999853
3.907985046680551e-14, 28.014061800540592, -12.099999899999853
-4.27003414586801, 27.65233712530435, -12.124390143902291
-8.430755520493365, 26.641066312233562, -12.148780387804731
-12.390619020430858, 25.02075474909074, -12.17317063170717
-16.06159118998507, 22.829512858836623, -12.19756087560961
-19.351785161693552, 20.10508122885124, -12.221951119512049
-22.169393979925587, 16.89902910251524, -12.246341363414485
-24.458396153537656, 13.299783595709016, -12.270731607316925
-26.18151862774568, 9.400801232260868, -12.295121851219365
-27.30369394785572, 5.29148909694464, -12.319512095121803
-27.786418451222854, 1.0625873287248189, -12.343902339024243
-27.598709603102474, -3.186121334643769, -12.368292582926681
-26.75662516903858, -7.352607560860909, -12.392682826829121
-25.299199701624808, -11.343419815282953, -12.41707307073156
-23.265435120764245, -15.07058708537761, -12.441463314634
-20.691672568325775, -18.44338449345025, -12.465853558536438
-17.623618346982575, -21.36883202711823, -12.490243802438878
-14.1394212564065, -23.78094471081461, -12.514634046341317
-10.333131054014455, -25.640015274689866, -12.539024290243756
-6.295074254175064, -26.912066996629854, -12.563414534146196
-2.1142383498288484, -27.558959456453263, -12.587804778048634
2.113144718830191, -27.544896344908537, -12.612195021951072
6.285267847865539, -26.87043351064745, -12.636585265853512
10.306304446462825, -25.57346756392213, -12.66097550975595
14.088463465420702, -23.694952730412545, -12.68536575365839
17.542850321095678, -21.27066464679894, -12.709755997560828
20.575871944675175, -18.340343312965704, -12.734146241463268
23.109899056267103, -14.970179133977592, -12.758536485365706
25.102688988440896, -11.255377047346517, -12.782926729268146
26.522189964423006, -7.287851021804505, -12.807316973170584
27.33168632011429, -3.1549531852941266, -12.831707217073024
27.490896835598008, 1.051104254889708, -12.856097460975462
26.98249268931204, 5.228736723911056, -12.8804877048779
25.84355899398748, 9.279273180072373, -12.90487794878034
24.11806508305351, 13.115219947150978, -12.929268192682779
21.842054590224066, 16.650180196041184, -12.953658436585219
19.04920400741403, 19.79051373346542, -12.978048680487658
15.792057362547109, 22.445259434937142, -13.002438924390098
12.167539395020224, 24.569540286748797, -13.026829168292537
8.269819538473298, 26.13406353293365, -13.051219412194975
4.1847318877819095, 27.104599879734504, -13.075609656097415
-8.881784197001252e-16, 27.43671153135097, -13.099999899999853
3.552713678800501e-14, 27.43671153135097, -13.099999899999853
-4.180357334813895, 27.07651104974336, -13.124390143902291
-8.252420964979269, 26.07925286687954, -13.148780387804731
-12.129297119406829, 24.492188789282313, -13.17317063170717
-15.726712931352225, 22.352102949104054, -13.19756087560961
-18.95159637880057, 19.68903931989635, -13.221951119512049
-21.706599270032825, 16.54720508885236, -13.246341363414485
-23.941594642419506, 13.019519344421234, -13.270731607316925
-25.627262790434028, 9.201494136895866, -13.295121851219365
-26.731108064126097, 5.1796243308124446, -13.319512095121805
-27.209444803029996, 1.04016753715206, -13.343902339024243
-27.022493208917055, -3.118862210295887, -13.368292582926681
-26.191217266219212, -7.19642813952453, -13.39268282682912
-24.762067530107043, -11.10276857696497, -13.41707307073156
-22.774887221785022, -14.753908537356086, -13.441463314634
-20.260044056313898, -18.05931577982497, -13.46585355853644
-17.255668468577934, -20.921615571755837, -13.490243802438878
-13.840948152389142, -23.277266651153155, -13.514634046341317
-10.11315082696163, -25.094319001469557, -13.539024290243756
-6.161050460797666, -26.343062607566246, -13.563414534146194
-2.069397938179447, -26.98235851984657, -13.587804778048632
2.068304291064801, -26.968295766129792, -13.612195021951074
6.151243494426614, -26.301426767929563, -13.636585265853512
10.086323430901427, -25.02776948666265, -13.66097550975595
13.789987499010307, -23.191269718617875, -13.685365753658388
17.174895897852288, -20.823441958814357, -13.70975599756083
20.144238835487002, -17.956271239455774, -13.734146241463268
22.61934077396489, -14.653493809408502, -13.758536485365706
24.565552390191645, -11.01472428261707, -13.782926729268144
25.956772400623446, -7.1316684923685, -13.807316973170584
26.755451998732575, -3.087691149993455, -13.831707217073024
26.91391929870209, 1.0286836239890138, -13.856097460975462
26.409882325467557, 5.116867273623018, -13.880487704877902
25.289295559634194, 9.079962064432301, -13.90487794878034
23.6012512553944, 12.834950317701228, -13.92926819268278
21.379233772872965, 16.29833737133906, -13.953658436585219
18.649013624233337, 19.37446933481474, -13.978048680487657
15.45715646829351, 21.96781727206273, -14.002438924390097
11.906214427341812, 24.04096277878897, -14.026829168292535
8.091478336444466, 25.57223705715879, -14.051219412194975
4.095047134580126, 26.528724877963135, -14.075609656097413
-8.881784197001252e-16, 26.859361262161343, -14.099999899999853
3.552713678800501e-14, 26.859361262161347, -14.099999899999853
-4.090672201824974, 26.50063398275664, -14.124390143902291
-8.074079154722012, 25.5174254635765, -14.148780387804731
-11.867971780886055, 23.963609647805598, -14.17317063170717
-15.391806444971662, 21.874652788812316, -14.19756087560961
-18.551405093949896, 19.272993641214583, -14.221951119512047
-21.24376792672213, 16.195354790096665, -14.246341363414487
-23.424774960130502, 12.73924728310056, -14.270731607316925
-25.072995332224536, 9.002180769903815, -14.295121851219365
-26.158478469126496, 5.067751183704515, -14.319512095121805
-26.6324595479969, 1.0177457240074226, -14.343902339024243
-26.44623780552759, -3.051596694480777, -14.368292582926683
-25.625785290330548, -7.040241006656105, -14.39268282682912
-24.224922471388254, -10.86211288501605, -14.417073070731558
-22.2843053566385, -14.4372079262176, -14.441463314634
-19.828398993904674, -17.675235140078055, -14.465853558536438
-16.887699280865665, -20.474372197465676, -14.490243802438878
-13.542459853881581, -22.773562048996947, -14.514634046341317
-9.893165162565555, -24.54861033239866, -14.539024290243756
-6.027018517275193, -25.774023994372946, -14.563414534146196
-2.0245532388673664, -26.405731967124787, -14.587804778048634
2.0234595042950847, -26.39166875677796, -14.612195021951072
6.017210871513678, -25.732385314609708, -14.636585265853512
9.866337039306778, -24.482059141949343, -14.66097550975595
13.491496561814747, -22.687560475943933, -14.68536575365839
16.806922357061545, -20.37619247405923, -14.70975599756083
19.712589299104422, -17.572187411693026, -14.734146241463268
22.128748387425887, -14.336786348991584, -14.758536485365706
24.02840322625488, -10.774067211404356, -14.782926729268144
25.391330665078808, -6.975478152009618, -14.807316973170584
26.179178072822964, -3.0204225055829004, -14.831707217073024
26.336928781833166, 1.0062607975700868, -14.856097460975462
25.837227182583796, 5.004989181595475, -14.8804877048779
24.735021082427423, 8.88064486324128, -14.90487794878034
23.084419141658376, 12.554672978877193, -14.92926819268278
20.916374822694408, 15.946467396487268, -14.953658436585219
18.248820475430907, 18.95842080425621, -14.978048680487658
15.122225176456798, 21.490331311985607, -15.002438924390097
11.644885655889421, 23.512370912613274, -15.026829168292537
7.913129438447523, 25.010395754321657, -15.051219412194975
4.005353285235113, 25.952795237245795, -15.075609656097415
-8.881784197001252e-16, 26.282010992971724, -15.099999899999853
3.552713678800501e-14, 26.282010992971724, -15.099999899999853
-4.000977953137011, 25.924702323032722, -15.124390143902291
-7.895729532831262, 24.955582892491417, -15.148780387804731
-11.606642558351686, 23.435015922741364, -15.17317063170717
-15.056869247957994, 21.397158352445828, -15.197560875609609
-18.151208872805427, 18.85694124995998, -15.221951119512049
-20.780896262174203, 15.843475681755903, -15.246341363414487
-22.907934890328928, 12.458966334617294, -15.270731607316925
-24.518714805892092, 8.802860442655241, -15.295121851219365
-25.585801399893736, 4.955868736087476, -15.319512095121803
-26.055460061182394, 0.9953215660377506, -15.343902339024241
-25.869939899344292, -2.9843240925222316, -15.368292582926681
-25.060327507289216, -6.884045541816946, -15.39268282682912
-23.687764016704424, -10.621452579768881, -15.417073070731558
-21.793687552055772, -14.120484114618126, -15.441463314633998
-19.39673656770767, -17.291142131616233, -15.465853558536438
-16.51970986764921, -20.027100307574617, -15.490243802438876
-13.243955761701908, -22.269829636326588, -15.514634046341317
-9.673173911886124, -24.00288893819073, -15.539024290243756
-5.892977765901124, -25.2049488718565, -15.563414534146194
-1.9797037831341147, -25.82907737170916, -15.587804778048632
1.978609992270223, -25.815014006675487, -15.61219502195107
5.883169407227606, -25.16330723881121, -15.636585265853512
9.64634499632582, -23.93633592282479, -15.66097550975595
13.192989597769646, -22.18382298947867, -15.685365753658388
16.438927875364357, -19.928913500576886, -15.709755997560826
19.280923181397554, -17.188091938133187, -15.734146241463266
21.638117829255673, -14.020054396020157, -15.758536485365704
23.49123877998026, -10.5334048037447, -15.782926729268144
24.825861329697254, -6.819278984588044, -15.807316973170584
25.60285965315113, -2.9531464234193634, -15.831707217073022
25.759920372780112, 0.9838352264251661, -15.856097460975462
25.264523471438057, 4.893101493726748, -15.8804877048779
24.180733713926113, 8.681320703891666, -15.904877948780339
22.56756631148694, 12.274386716057155, -15.929268192682777
20.453473915753094, 15.59456767343849, -15.953658436585219
17.8486222344142, 18.542365286028534, -15.978048680487655
14.787262429479673, 21.012799843123602, -16.002438924390095
11.383553319065802, 22.98376490763843, -16.026829168292533
7.7347724963952675, 24.448539329044095, -16.051219412194975
3.9156495041202275, 25.376807683390382, -16.075609656097413
0.0, 25.7046607237821, -16.09999989999985
3.552713678800501e-14, 25.7046607237821, -16.09999989999985
-3.9110716507213197, 25.34738448769046, -16.12439014390229
-7.716582712678519, 24.39121771571452, -16.148780387804727
-11.343557428415274, 22.90288070340229, -16.17317063170717
-14.718806029756689, 20.915243180798285, -16.197560875609607
-17.74627279440928, 18.435968845657715, -16.221951119512045
-20.311571039839418, 15.486656498262347, -16.246341363414487
-22.382983505611694, 12.174255549354056, -16.270731607316925
-23.954541290235866, 8.599995452627848, -16.295121851219363
-25.00127350421138, 4.841721988928884, -16.3195120951218
-25.464846440133698, 0.972389504627895, -16.34390233902424
-25.278860499488097, -2.9153756221900538, -16.36829258292668
-24.47955987298739, -6.723680841924227, -16.39268282682912
-23.135043937417276, -10.373806533360597, -16.417073070731558
-21.287424828436855, -13.793565407213052, -16.441463314633996
-18.949879568633364, -16.89346849587013, -16.465853558536438
-16.1379136608475, -19.563152925563916, -16.490243802438876
-12.933890216662952, -21.746765401356363, -16.514634046341314
-9.444362926203215, -23.435272922407876, -16.539024290243752
-5.753253678070891, -24.611277227545045, -16.563414534146194
-1.9328270785013375, -25.225394527222587, -16.58780477804863
1.9316321664487448, -25.209981443383874, -16.61219502195107
5.74254875598618, -24.565755199020032, -16.636585265853512
9.415084937252491, -23.36263998911236, -16.66097550975595
12.878167232853537, -21.652805253481226, -16.685365753658388
16.049372291672082, -19.455595985407705, -16.709755997560826
18.822931832830697, -16.780465011678, -16.734146241463264
21.117349049132866, -13.683682784976988, -16.758536485365706
22.92057180479318, -10.277701163955737, -16.782926729268144
24.223429036846547, -6.653015943179224, -16.807316973170582
24.98630350973625, -2.8813126730709757, -16.831707217073024
25.140733350877053, 0.9598399696704538, -16.856097460975462
24.649798641978748, 4.773185188222865, -16.8804877048779
23.585665798770407, 8.467391417115127, -16.90487794878034
22.011381395630455, 11.972609720046202, -16.929268192682777
19.953116229743802, 15.213982598757541, -16.95365843658522
17.414305504942412, 18.090901719370617, -16.978048680487657
14.423634849292052, 20.494737354158897, -17.002438924390095
11.100011533064066, 22.410441642599995, -17.026829168292533
7.54100955503401, 23.837732530293465, -17.051219412194975
3.817846717334997, 24.747578826357035, -17.07560965609741
-8.881784197001252e-16, 25.0711265718468, -17.09999989999985
3.197442310920451e-14, 25.0711265718468, -17.09999989999985
-3.8120996639459075, 24.71047549426146, -17.12439014390229
-7.518251796037573, 23.765899251591723, -17.148780387804727
-11.0498779173387, 22.309145174145584, -17.17317063170717
-14.337294906824756, 20.371887794003808, -17.197560875609607
-17.284617265252813, 17.95613373115234, -17.221951119512045
-19.774161416610696, 15.077701454804625, -17.246341363414484
-21.77999824523076, 11.846912068396623, -17.270731607316925
-23.30232082717253, 8.365597908514141, -17.295121851219363
-24.318339661371617, 4.708764893856834, -17.3195120951218
-24.767142938194592, 0.9454708262322055, -17.34390233902424
-24.577183266191987, -2.833894853476773, -17.36829258292668
-23.788758547725124, -6.533348188191955, -17.39268282682912
-22.474446856362956, -10.077727661373135, -17.417073070731558
-20.676436662246374, -13.398419814900628, -17.441463314633996
-18.404257237441517, -16.407512930462865, -17.465853558536438
-15.668756152718764, -18.993696337112898, -17.490243802438876
-12.552336715503214, -21.10413944682906, -17.514634046341314
-9.16212214119044, -22.73501663351958, -17.539024290243756
-5.579811379930186, -23.871763039469666, -17.563414534146194
-1.8741554700655128, -24.464458964337638, -17.587804778048632
1.8724771812006493, -24.442602148040386, -17.61219502195107
5.564820723057473, -23.807706574814944, -17.63658526585351
9.121131849520717, -22.633307832480277, -17.66097550975595
12.4738927212962, -20.972175950309815, -17.685365753658388
15.543196531253525, -18.841429349894746, -17.709755997560826
18.224181330953336, -16.247021808858072, -17.734146241463264
20.437088431793235, -13.243412267491554, -17.758536485365706
22.17415212131127, -9.943091466593076, -17.782926729268144
23.429098254911512, -6.434481847743934, -17.807316973170582
24.163068662726214, -2.7860534419355356, -17.83170721707302
24.306715672601136, 0.927845140829341, -17.856097460975462
23.82273514477793, 4.612667391874611, -17.8804877048779
22.785722753273433, 8.180088363973468, -17.90487794878034
21.259101335026283, 11.563711126811661, -17.929268192682777
19.267647057672175, 14.69166553158949, -17.95365843658522
16.812497098184615, 17.465614787763855, -17.978048680487653
13.920142331762605, 19.778851481186518, -18.002438924390095
10.70850840705609, 21.61973378605213, -18.026829168292533
7.272777828658164, 22.99035189952098, -18.05121941219497
3.681165547462329, 23.862981343579325, -18.075609656097413
-4.440892098500626e-16, 24.169537808949375, -18.09999989999985
