-2.2560709267376876e-16, -0.16614297813328452, 0.9861016736711297
0.027172472313027253, -0.17454991267863149, 0.9824147729546416
0.056712068919195065, -0.17880858664024019, 0.9785790653426778
0.08710926465782932, -0.17610098278467634, 0.9751132758938039
0.1168318785747222, -0.1664948281874582, 0.9721057310345731
0.14600325022408478, -0.15177172832992594, 0.9691183980237431
0.17574416572265117, -0.1336767975266837, 0.9653936251576976
0.20366734284557264, -0.11054123252871922, 0.9613943601696628
0.2266618980232981, -0.08145705621277179, 0.9578512591368634
0.24339837422146218, -0.04745746106455673, 0.9549198682933591
0.25487316819228073, -0.009863024096983076, 0.9520985110524884
0.26311480200420617, 0.030612167702362615, 0.9484084818842456
0.26590760169295546, 0.07331779623948984, 0.9442547894437995
0.26029862694089845, 0.11666339482955057, 0.9405892448978513
0.24576526486283884, 0.15883603146369876, 0.9376888732957586
0.22375590748530283, 0.19921607559933532, 0.9350420094849401
0.19640890726526755, 0.2385143577471346, 0.9314599474012939
0.1632562457104671, 0.27514195456319507, 0.9271603544460509
0.12325182025714526, 0.30578926470986617, 0.9233272329103981
0.07714937915677014, 0.3284360867674306, 0.9204127447011091
0.026546702275042702, 0.3431982866431622, 0.9179488947791938
-0.027228768455445033, 0.35206084444749175, 0.9145480276122531
-0.08324215544220354, 0.3544392752129868, 0.9101110517998549
-0.13990555794210316, 0.3471107457853089, 0.9060652173439474
-0.19510266877686885, 0.32874705213534894, 0.9030914830658816
-0.24731954656192562, 0.30027659602632745, 0.9008191738632174
-0.2967480277198182, 0.26425036001841784, 0.8976727103536287
-0.3429052007218489, 0.22170876295802372, 0.8931068810792979
-0.3823021260241081, 0.1713585357484939, 0.8888032078420647
-0.4120410684884998, 0.11352265056345297, 0.8857250926092359
-0.4311183180421825, 0.050051038011444685, 0.8836528356526798
-0.4414119285417581, -0.017024709200043963, 0.8808340024182291
-0.44440360427587106, -0.08648514606013186, 0.8761478466291708
-0.4365372917954225, -0.1568357365645876, 0.871541199144527
-0.41544014018038294, -0.22563175757403417, 0.8683135667790717
-0.38133377509165, -0.2903136449716625, 0.8664498871057651
-0.3372011426195101, -0.3504451600155606, 0.8640319114958501
-0.28589876941045933, -0.40695705474544486, 0.8592339447357191
-0.2257772133235631, -0.456200495125706, 0.8542791817539651
-0.1565772957061086, -0.49421341531611496, 0.850856899583785
-0.08032122665569047, -0.5181787907486872, 0.8491968575828764
0.0, -0.5311681118253925, 0.8472664498136624
-6.788778110607687e-16, -0.5311681118253918, 0.8472664498136628
0.08232085646953616, -0.5311526038662124, 0.8424173569916025
0.16447966000454367, -0.519196548249843, 0.8372840680940712
0.2431981165468218, -0.49136996400172084, 0.8339202699144768
0.3160781698532351, -0.44982810754456926, 0.8321124635329161
0.38277759844368847, -0.3977914837437739, 0.8301625887396077
0.4439796725355115, -0.33809274272747714, 0.8257782698651513
0.49591847935153777, -0.2694103256835722, 0.820814710379831
0.5349338856239891, -0.19215821226071522, 0.8172507917248197
0.5600833069274092, -0.10887287558474373, 0.8151167576585694
0.5726118661529402, -0.022030626799513946, 0.8130874276890099
0.5745028425566484, 0.06657054241068051, 0.8090968583852256
0.5633864899814893, 0.1550821455388986, 0.8043088615505259
0.5372005640000213, 0.24081842894371008, 0.8005813231117138
0.4965894887025313, 0.3213128120545935, 0.7981575536746975
0.4436453595798242, 0.39521898094392494, 0.7960409783015887
0.3808748275483096, 0.462149576812793, 0.7923867262957295
0.308736086174202, 0.5197788276137989, 0.7877665151640489
0.22773083970240013, 0.5650439988245528, 0.7839118547141635
0.13977485496222108, 0.5963604598174195, 0.7812348483225677
0.04725240474281446, 0.613610133062177, 0.7790232497844047
-0.04757152314549554, 0.6178250865877247, 0.7756478840003479
-0.14260830567553862, 0.6085553930822587, 0.7711876646422953
-0.23547302980015805, 0.5842595571714548, 0.7672423791985828
-0.32367986931871984, 0.5448338304512775, 0.7643486433361293
-0.4050889380862948, 0.4914407934052468, 0.7620342492082238
-0.47837793738783985, 0.426228351899298, 0.7588803118286944
-0.5421562810414293, 0.3509294739480931, 0.7545723093865172
-0.5939257391568156, 0.26626918092085117, 0.7505729082459427
-0.6316585220404796, 0.17375312919020036, 0.7474989430078361
-0.6541629655809073, 0.0756653460220503, 0.7450739619948243
-0.6615927011968662, -0.02538133526412668, 0.7420840229874412
-0.654703338151901, -0.12705815649144753, 0.737920456849651
-0.6325468825004956, -0.22716189776272405, 0.7339034363214924
-0.5945610266981018, -0.3231792744852386, 0.7306857400207262
-0.5411777291713998, -0.4123874183378343, 0.7281423963453836
-0.47415326984721584, -0.4926647000173688, 0.7252590214221343
-0.3959904333401347, -0.5630507466786567, 0.7212321022131284
-0.3077732326113449, -0.6215790794891443, 0.7172339580043541
-0.2108077343165598, -0.6659776388043115, 0.713909032841066
-0.107158067523048, -0.6935049027292493, 0.7112345650326929
0.0, -0.7058058638178183, 0.7084053095512367
-8.862673362585434e-16, -0.7058058638178181, 0.7084053095512369
0.10821456854088533, -0.700424960097318, 0.7045401945140326
0.21495319188614068, -0.6791245740631036, 0.7007279517690141
0.3169501341525229, -0.6400731729171508, 0.6974670861429919
0.4120935565795047, -0.5858490899547872, 0.6945065177253495
0.4987006876299642, -0.5181478566095159, 0.6914167623561694
0.5745976960072283, -0.437947364291557, 0.6879082891076903
0.6369431509284929, -0.34629996973451765, 0.6844611004278242
0.684315059742761, -0.2457166035620405, 0.6811917886313172
0.7162047415533839, -0.13885332374588277, 0.6779047138330898
0.7321387509298505, -0.028027947434353065, 0.674504101241741
0.7308503088308964, 0.0843991307757988, 0.6711963440999138
0.7115797068657084, 0.19557713767262186, 0.6681009611691723
0.6753935911456997, 0.30283043600554205, 0.6649164908491298
0.6236065051253926, 0.4039168082482395, 0.6613962015853202
0.5571936866268541, 0.4966226765030049, 0.6576673385812971
0.47671225581696597, 0.5780355276967958, 0.654408507910544
0.38392562845300904, 0.6457493605200242, 0.6516475254723124
0.28165852299215105, 0.6988991216388036, 0.6486411885087635
0.17233599074751876, 0.7367439968450155, 0.6449809828130548
0.05815790587560859, 0.7580864307656042, 0.6409064768024899
-0.058368113221530835, 0.7608846362833641, 0.6375447749102963
-0.17419640255122618, 0.7447894344476231, 0.6351007994947122
-0.2867456587147926, 0.7115279268365329, 0.632365891435435
-0.3937888853432642, 0.6622477466983261, 0.6286590549823687
-0.4927861017684884, 0.5974536741658587, 0.6242215035735034
-0.5802592661946322, 0.5172357686220891, 0.6206051556373264
-0.6536718638725918, 0.4235025370694744, 0.6184607761567114
-0.7126693228976028, 0.319565542002704, 0.6160905810450763
-0.7565285252018029, 0.20782330538766092, 0.6124304138041105
-0.7836491117062541, 0.0903898945667186, 0.6076124360545863
-0.7913039245479024, -0.03023506019466265, 0.6035896473605666
-0.7787538788916306, -0.15081101412107412, 0.6017274579594674
-0.7484761259244361, -0.2686957810713418, 0.5998152699892684
-0.7017726920531439, -0.3817097119801952, 0.5962950683489385
-0.638927732629886, -0.4871908877307466, 0.5910792631744327
-0.5595178294964466, -0.5812688240977261, 0.5864982352080431
-0.465030621943746, -0.6607105386202252, 0.5849008475506634
-0.35943764358624686, -0.7256256130640705, 0.5835399732537748
-0.2453153023057615, -0.7755584609758145, 0.5802530302942205
-0.12458172503097535, -0.8079588684724567, 0.5746423804518167
0.0, -0.822108467039011, 0.5693308953699664
-1.0329584622566392e-15, -0.8221084670390109, 0.5693308953699664
0.1251602126266787, -0.8117589328223107, 0.569660937926593
0.24757411447805208, -0.7827358276893559, 0.5705377549865261
0.3644554563307572, -0.7357271201703306, 0.5689738095438921
0.47387343016126254, -0.6732155341958501, 0.5650369949888194
0.5730304349117513, -0.5952931157056662, 0.5611458668322548
0.6572538712844964, -0.5012191382445099, 0.5611098859119201
0.7249159177668383, -0.39435413405763786, 0.5621832584473685
0.7767605588081488, -0.2788237073856995, 0.5609721181938624
0.8124796443289389, -0.1572571610399033, 0.5571730376675462
0.8301110739969608, -0.03168223917367105, 0.5530109291246496
0.8257407495945311, 0.09516554036367893, 0.5525300771927933
0.800226671652162, 0.21972337378879775, 0.5537672991627869
0.7571715642061226, 0.33954714682795273, 0.5529704058540708
0.6982782889767758, 0.4525649358229701, 0.549370524373967
0.6235789080874219, 0.5559505789176721, 0.5449260674219084
0.5321380124418824, 0.6449919515153933, 0.543900218456362
0.42678759142711553, 0.7174322768650945, 0.5452898822646082
0.311972803022471, 0.7741566972676888, 0.5449686891896133
0.19042143016562818, 0.8149827001931522, 0.5416294648329079
0.06415673542585562, 0.8379562916169729, 0.5368912647607897
-0.06423596884363897, 0.8390117840158042, 0.5352202831475878
-0.19112288122993157, 0.818020475715866, 0.536751030483611
-0.3138932271986618, 0.7789248158763455, 0.5369669945184579
-0.43051200369723386, 0.7236568768671308, 0.5339498503667526
-0.5381994444171885, 0.6523138846680143, 0.5289064917646756
-0.6322809551863058, 0.5637282566122894, 0.526490319283331
-0.709632933490873, 0.45996556705250713, 0.5281507296610872
-0.7712440960318689, 0.3458675372557365, 0.5289652748264191
-0.817182708132628, 0.22433543031008218, 0.526331670852036
-0.8456444429529844, 0.09742351643214123, 0.5209717983587141
-0.8524399045740809, -0.03251411301112685, 0.5177102999138762
-0.8361173513212199, -0.16177266263570933, 0.5194889751311784
-0.800986836419756, -0.28749368041584444, 0.5209635586431333
-0.7493511972457797, -0.40771457137364064, 0.5187749487594674
-0.6814979567978215, -0.5197769567034753, 0.5130871560784562
-0.595989793218024, -0.6191207888496266, 0.5088802020692238
-0.49388799284909846, -0.7015177763075557, 0.5107657767666749
-0.38050788797880636, -0.7680227018306387, 0.5129618688410081
-0.258999181464836, -0.8190797528418307, 0.5112796970475587
-0.1313551172667746, -0.8524318477582766, 0.5052826007045218
0.0, -0.8660254037844348, 0.5000000000000068
-1.102212902209806e-15, -0.8660254037844348, 0.5000000000000068
0.13151457426274266, -0.8534772084701554, 0.503631459601637
0.2596162977002089, -0.8210424309774468, 0.5080758229012603
0.38188536670178874, -0.7707945787840538, 0.5081614174359426
0.49631862255163794, -0.7049560437698661, 0.5041858526609821
0.5996922198307365, -0.6229631568771296, 0.5004500157076193
0.686505345388655, -0.5236091121385974, 0.5031502237768852
0.755683192595657, -0.4111765108640204, 0.5075183247115719
0.8087489558855634, -0.2902720370485695, 0.5081622905544939
0.8453822188570203, -0.16354342651949022, 0.5047394475309471
0.8630674343508061, -0.0329098400486421, 0.500899811536011
0.8571495998428817, 0.09872937007312557, 0.5026993914773781
0.8291507043068994, 0.22759079407651187, 0.506960770927331
0.7834557408260295, 0.3513516643339507, 0.5081631377843844
0.7218763108650939, 0.4679446483234934, 0.5052930712720756
0.6441378723150785, 0.5743260417146848, 0.5013493597040757
0.548960856681711, 0.6653137527260954, 0.5022488337433912
0.4395600175255524, 0.7387788566074907, 0.506403174946002
0.320815429989177, 0.7961110501975975, 0.5081639828742142
0.19556907774819127, 0.8372742936702069, 0.5058467347583789
0.06581878280415163, 0.8600979879143045, 0.5017986373132257
-0.06581869982872969, 0.8600969120045188, 0.5017985219398488
-0.1955696690018407, 0.8372766447101316, 0.5058455605350605
-0.32081785469446955, 0.7961169228483749, 0.5081648516530507
-0.43956123714575435, 0.7387809224354074, 0.5064004293924184
-0.54895257862588, 0.6653040742335642, 0.5022476154594895
-0.6441307720169025, 0.5743199676474505, 0.5013485090011622
-0.7218902763884204, 0.46795302323623583, 0.5052879138615638
-0.7834731784816137, 0.35135895372231357, 0.5081656982844639
-0.8291486523304432, 0.22759034019807972, 0.5069541456426837
-0.8571173642715542, 0.09872685554710861, 0.5026963452664994
-0.8630554332440631, -0.032908902600266715, 0.5008987623291753
-0.8454203250865697, -0.1635529385731541, 0.5047302290477315
-0.8087780964106306, -0.2902839248512566, 0.5081665500424906
-0.75566980760959, -0.411168344785832, 0.5075079045565462
-0.686461692043267, -0.5235717720985616, 0.5031447990593647
-0.5996863829132932, -0.6229563281040559, 0.5004492641952938
-0.496355477590321, -0.7050173710346703, 0.5041725159203092
-0.38190259033559526, -0.770835300382577, 0.5081674243024614
-0.25960722427901944, -0.8210053443243763, 0.5080617139328499
-0.13153939906172507, -0.8535769007387567, 0.5036155966738284
0.0, -0.866025403784435, 0.5000000000000062
-1.1186783034197617e-15, -0.866025403784435, 0.5000000000000062
0.13154069100799773, -0.8535820728991973, 0.5036147495348424
0.2596062668647469, -0.8210014393675445, 0.5080601781600662
0.3819056310702099, -0.7708424955812911, 0.5081685027764188
0.4963647607693393, -0.7050328501961759, 0.5041691972787073
0.5996846653518336, -0.6229543240182419, 0.5004489123565202
0.6864436076978758, -0.5235563078927064, 0.5031424128195793
0.7556632599987778, -0.4111643508588872, 0.5075024541910858
0.8087972335105045, -0.29029173674803843, 0.5081693800980607
0.8454513605014412, -0.16356071733339772, 0.5047228113360887
0.863044198152898, -0.032908025263438036, 0.5008975732666351
0.8570798728272484, 0.09872392343286376, 0.5026926361833739
0.8291465077850748, 0.22758988879670544, 0.5069446656518349
0.7835039820559273, 0.35137182503811104, 0.5081702385909341
0.7219216048595978, 0.4679717658454148, 0.5052764704791569
0.644111209408074, 0.5743032466582246, 0.5013459613334964
0.5489228305548398, 0.6652692722008187, 0.5022431516236441
0.4395676104691952, 0.7387917325568942, 0.5063868225764239
0.3208354432803062, 0.7961595102532406, 0.5081710957839406
0.19557744375869762, 0.8373073898536925, 0.5058301826054116
0.0658151159198535, 0.8600511681095677, 0.5017940595751162
-0.06581502741050951, 0.8600500382049874, 0.5017939385871317
-0.1955780867972925, 0.8373099255924348, 0.5058289418764411
-0.32083791465742495, 0.7961654954543342, 0.5081719700369279
-0.4395690052591593, 0.7387941049959439, 0.5063839418522937
-0.548914277147922, 0.6652592529012831, 0.5022418463186824
-0.6441038541425439, 0.5742969664452438, 0.5013450366095105
-0.7219365318665691, 0.46798068054994524, 0.5052710130951037
-0.7835218010501144, 0.3513792722571566, 0.5081728286190555
-0.8291450455771199, 0.22758958958973763, 0.5069377415062495
-0.8570465479426463, 0.09872129300898985, 0.50268935940779
-0.8630318221088191, -0.032907047658924785, 0.5008964204430166
-0.8454917386554869, -0.16357087077976992, 0.5047130327677413
-0.8088270171896115, -0.29030389115426364, 0.5081736911260534
-0.7556503040539467, -0.4111564497839511, 0.5074915961403923
-0.686398404090621, -0.5235177151037571, 0.5031365790149515
-0.5996786709488439, -0.6229472994464168, 0.5004480779970394
-0.4964035266258267, -0.7050976028540369, 0.5041550077687044
-0.38192321040135085, -0.77088407658107, 0.5081745694101997
-0.25959715971586805, -0.8209643531145754, 0.508045510904229
-0.131566944709497, -0.8536867708466487, 0.5035978123644853
0.0, -0.8660254037844353, 0.5000000000000058
-1.1359203334588063e-15, -0.8660254037844353, 0.5000000000000057
0.1315683180837675, -0.853692229412772, 0.5035969092385567
0.25959619093422925, -0.820960416165359, 0.5080439061034455
0.38192629355179086, -0.770891374240744, 0.5081756437781224
0.4964132526589914, -0.705113882766893, 0.5041514672973866
0.5996768448514553, -0.6229451621977763, 0.5004477279254889
0.6863795609447683, -0.5235016368328596, 0.503134037165462
0.7556438973624954, -0.4111525426060719, 0.50748588754644
0.80884647617796, -0.29031183642781144, 0.508176525008256
0.8455245208028479, -0.1635791478688109, 0.5047051525466217
0.8630201126341865, -0.032906120487300176, 0.5008951722881484
0.8570075984377785, 0.09871820646875225, 0.5026853927409126
0.8291436511289381, 0.22758933927836456, 0.5069277927236808
0.7835531892594587, 0.351392385693124, 0.5081773938029395
0.7219699585081638, 0.46800059643674563, 0.505258901142219
0.6440835423831481, 0.5742796402196156, 0.5013423175129471
0.5488834529948167, 0.6652231187696729, 0.5022370596631351
0.4395762465811799, 0.7388064433900572, 0.5063696286268339
0.32085585691347407, 0.7962089366545297, 0.508178262052352
0.19558657163243465, 0.8373432091741438, 0.5058127182520535
0.06581126575550098, 0.8600026257010189, 0.5017891521535114
-0.06581117150742449, 0.8600014407988712, 0.5017890247778425
-0.19558727204641346, 0.8373459478765558, 0.50581140591946
-0.32085837616671786, 0.7962150371133776, 0.5081791413098933
-0.4395778299017956, 0.7388091480563348, 0.5063666004455207
-0.5488746061940519, 0.6652127354318031, 0.5022356617269943
-0.6440759191793141, 0.574273144280071, 0.5013413141364434
-0.721985925116019, 0.46801009156605855, 0.505253117800251
-0.7835713939650997, 0.3513999922625458, 0.5081800109900236
-0.8291428291716632, 0.22758921038153732, 0.5069205433001057
-0.856973111771727, 0.09871545085162461, 0.5026818711955228
-0.8630073385154275, -0.0329050994501947, 0.5008939107774024
-0.845567335193348, -0.16358999539985883, 0.5046947623449033
-0.8088769086022602, -0.29032426029779934, 0.5081808832561647
-0.755631424166783, -0.4111449358037209, 0.507474555762109
-0.6863327083947904, -0.5234617155573185, 0.5031277680922255
-0.5996706810395963, -0.6229379261986991, 0.5004468076605775
-0.49645405549798827, -0.7051823073579307, 0.5041363437318344
-0.38194423255890475, -0.770933826277256, 0.5081817648856335
-0.2595870644435469, -0.8209233860178002, 0.5080286404701333
-0.13159611458104742, -0.8538022859290595, 0.50357879412493
0.0, -0.8660254037844357, 0.500000000000005
-1.1539952667327924e-15, -0.8660254037844357, 0.500000000000005
0.13159714593745428, -0.8538056039677767, 0.5035779336940255
0.25958608745869416, -0.8209194295939423, 0.5080269631311286
0.3819473611202252, -0.7709412338317485, 0.5081828356206427
0.49646425722048304, -0.7051994518210064, 0.5041325604397507
0.5996687427794525, -0.6229356510847659, 0.5004464574131362
0.686313072956427, -0.5234449985325949, 0.503125057035498
0.7556252031127835, -0.4111411406820247, 0.507468572324286
0.8088967038787938, -0.2903323450541798, 0.5081837208735743
0.8456019992309735, -0.16359881404375307, 0.5046863760641077
0.8629951309743336, -0.03290411929114171, 0.5008925971217706
0.8569326361023142, 0.09871219990245947, 0.5026776264876897
0.8291422831655706, 0.22758919023754198, 0.5069100905988684
0.7836033834508906, 0.3514133545747135, 0.5081845991282163
0.7220216188650259, 0.4680312680205837, 0.5052402754779113
0.6440548146683762, 0.5742551795425133, 0.5013384106230414
0.548842652133364, 0.6651751976444208, 0.5022305286833268
0.43958601824964927, 0.7388231641254825, 0.506351521969147
0.32087667957810584, 0.7962593500260141, 0.5081854772445489
0.1955965334465492, 0.8373819809558953, 0.505794261488303
0.06580721924073461, 0.8599522659823066, 0.5017838914406874
-0.06580711904480896, 0.8599510251421045, 0.5017837568266097
-0.19559729739101117, 0.8373849425316917, 0.5057928718462078
-0.32087924802088263, 0.7962655687606721, 0.5081863610656062
-0.4395878050995501, 0.7388262299341002, 0.5063483325555915
-0.5488334922527051, 0.6651644247400159, 0.5022290318035328
-0.6440469081423948, 0.5742484563763275, 0.5013373244396697
-0.7220387080449259, 0.4680413862353111, 0.5052341368262115
-0.7836219767123624, 0.3514211214034659, 0.5081872403880504
-0.8291421575726068, 0.227589249249959, 0.5069024863308077
-0.8568969081969438, 0.09870930870302289, 0.5026738448002721
-0.8629819306756046, -0.03290305098168621, 0.5008912225265384
-0.845647425637897, -0.16361041284238098, 0.5046753160125727
-0.8089277892160175, -0.29034504068591077, 0.5081881211745424
-0.7556132742644381, -0.41113386147401715, 0.5074567271840337
-0.6862644655939127, -0.5234036679697477, 0.5031183242118447
-0.5996623963885281, -0.6229281864024563, 0.5004454480501217
-0.4965072336550313, -0.7052718173794736, 0.5041164113743688
-0.3819656647181433, -0.7709845711136021, 0.5081890061790956
-0.25957695996382835, -0.8208825251882783, 0.5080110558771653
-0.13160986075819398, -0.85382603726913, 0.5035625952099615
0.0, -0.8660254037844362, 0.5000000000000042
-1.1729649490619408e-15, -0.8660254037844362, 0.5000000000000042
0.1316099746816015, -0.8538239734110764, 0.50356191496627
0.25957597912150854, -0.820878566310512, 0.5080093027048681
0.3819688444918099, -0.7709921029448847, 0.5081900759282569
0.4965179535416306, -0.7052899077657712, 0.5041123627794212
0.599660352909736, -0.6229257813625347, 0.500445090342994
0.6862440156694848, -0.523386296931578, 0.503115426873354
0.7556072984694825, -0.4111302123040968, 0.5074504528956738
0.808947946489614, -0.29035327592179133, 0.5081909659359571
0.8456841351176585, -0.16361982496817998, 0.5046663757672651
0.862969217437945, -0.032902015961732464, 0.5008898302938839
0.8568548490431849, 0.09870588421712874, 0.5026692986544242
0.8291425774647456, 0.22758949388504074, 0.5068914930234605
0.7836545919492511, 0.35143474233043087, 0.5081918517244302
0.7220768629278617, 0.46806392322360235, 0.5052204948084703
0.6440249698756398, 0.5742298225647604, 0.5013342186462844
0.5488003536719356, 0.6651254102718872, 0.5022235277286009
0.43959702724804905, 0.7388420887602263, 0.5063324240243648
0.32089791969976256, 0.7963107700084979, 0.5081927360379038
0.19560740882652167, 0.8374239550575866, 0.5057747216877343
0.06580296170036887, 0.8598999832404886, 0.5017782525397141
-0.06580285626109866, 0.8598986949812404, 0.5017781082527414
-0.19560824378449074, 0.8374271649320488, 0.505773249872812
-0.3209005388775056, 0.7963171113211207, 0.5081936242927803
-0.43959903330180916, 0.7388455468775226, 0.5063290557501321
-0.5487908543474882, 0.6651142133256462, 0.502221923114943
-0.6440167519528358, 0.5742228499937576, 0.5013330529551184
-0.7220951486421737, 0.4680747013773281, 0.505213968211418
-0.7836735564926357, 0.351442662541222, 0.5081945072132312
-0.8291431854287219, 0.2275897546771103, 0.5068834939029523
-0.8568177551662376, 0.09870284168834409, 0.5026652433423682
-0.8629555141080678, -0.03290089199592738, 0.5008883540156501
-0.8457323234629937, -0.16363222694450427, 0.5046545779167992
-0.8089796505463782, -0.29036622921171956, 0.5081953901270968
-0.7555959455387706, -0.4111232748432928, 0.5074380408528039
-0.6861934952944736, -0.5233434347602811, 0.5031082071292787
-0.5996537739551581, -0.6229180261897861, 0.5004440055450888
-0.4965632289950501, -0.7053664695551037, 0.5040950815621459
-0.38198750341665005, -0.77103630498119, 0.5081962791007993
-0.25956686471755047, -0.820841837196131, 0.5079927000215998
-0.13160166019956707, -0.8537225648605891, 0.5035508083068773
0.0, -0.8660254037844368, 0.5000000000000033
-1.1928975046729142e-15, -0.8660254037844368, 0.5000000000000033
0.13160122572282357, -0.8537172969474847, 0.5035502127112523
0.25956589504589356, -0.8208379362517162, 0.5079908754428184
0.38199075808985955, -0.7710440198906353, 0.5081973649544613
0.4965745417495696, -0.7053856438519998, 0.5040907468480245
0.5996516749778493, -0.6229155507020447, 0.5004436125269391
0.6861722545493886, -0.5233254318635174, 0.5031050968706302
0.7555903208766594, -0.41111983312720424, 0.5074314675593858
0.8090002329436059, -0.2903746420937328, 0.5081982575991831
0.8457712961201537, -0.16364230036444977, 0.5046450320529339
0.8629423236000804, -0.03289980332197992, 0.5008868564957512
0.8567740745664143, 0.09869923634781741, 0.5026603688566158
0.8291447146023245, 0.2275903059942206, 0.5068719225617561
0.7837068320752337, 0.35145655562711187, 0.5081991449103259
0.722135987969317, 0.4680987136081798, 0.5051994488175979
0.6439939389609668, 0.5742035171701009, 0.5013297232457072
0.5487564713796983, 0.6650736419985668, 0.5022160223761716
0.43960938397509913, 0.7388634302367982, 0.5063122442191449
0.32091958604334786, 0.7963632176756781, 0.5082000329214296
0.19561928824222913, 0.8374694147273443, 0.5057539993353206
0.06579847793053456, 0.859845672686609, 0.5017722070771764
-0.06579836646163231, 0.8598443303890351, 0.5017720530215021
-0.1956202000757315, 0.8374728896378888, 0.5057524361987283
-0.3209222576888329, 0.7963696852566862, 0.508200925270067
-0.43961163263516456, 0.738867324829584, 0.5063086825933175
-0.5487466141341122, 0.6650619965229856, 0.5022143030294016
-0.6439853943693057, 0.5741962841895076, 0.5013284700411406
-0.7221555759614421, 0.46811020546487236, 0.5051924959137855
-0.7837261848010968, 0.35146463569599457, 0.5082018155372036
-0.8291461514245171, 0.2275907972441744, 0.5068634973732844
-0.8567355425432441, 0.09869603202354585, 0.5026560198709278
-0.8629281016275441, -0.032898620676258844, 0.5008852666310939
-0.8458224776449259, -0.16365558097442967, 0.5046324232134318
-0.8090325841670944, -0.2903878657490193, 0.5082027075223012
-0.7555796517681206, -0.41111329680237685, 0.5074184459827422
-0.6861197143638179, -0.5232809584536998, 0.5030973537337193
-0.5996448600820422, -0.6229074992366797, 0.5004424424205672
-0.49662228976163547, -0.7054667455198882, 0.5040722189224244
-0.3820097854651876, -0.7710891217513852, 0.5082036012998712
-0.25955682361758825, -0.8208014927981643, 0.5079735276705452
-0.13159246468263106, -0.8536119182088044, 0.5035383048404429
0.0, -0.8660254037844374, 0.5000000000000022
-1.2138681536519632e-15, -0.8660254037844374, 0.5000000000000022
0.1315920032765818, -0.8536064084636499, 0.5035376717887459
0.25955584807872545, -0.8207975791274352, 0.5079716097394079
0.38201308253513017, -0.7710969399212539, 0.5082046752814693
0.49663419262134606, -0.7054870110341875, 0.5040675612177425
0.5996426382695432, -0.62290487154406, 0.5004420423983983
0.6860975542818735, -0.5232622227839769, 0.5030940292884396
0.7555743504085288, -0.41111004217719516, 0.5074115291148791
0.8090535299166413, -0.2903964301193991, 0.5082055723037161
0.8458638311277562, -0.16366635847188357, 0.5046222070447641
0.8629143513386159, -0.032897469372210934, 0.5008836757720658
0.8566900953368788, 0.09869222649894932, 0.5026507976327321
0.8291488730081457, 0.22759168407231134, 0.5068512865733314
0.7837601085198449, 0.35147879610820076, 0.5082064673136348
0.7221993150255593, 0.46813580112284187, 0.505177013098208
0.6439616530221935, 0.5741762119859043, 0.5013249032529752
0.5487109108179804, 0.6650197669898699, 0.5022079766767493
0.4396232097171191, 0.7388874244094357, 0.5062908814004977
0.32094168616250496, 0.796416710930276, 0.5082073606861357
0.19563227005475928, 0.8375186621993664, 0.5057319804589829
0.06579375137029816, 0.8597892219814998, 0.5017657242505537
-0.06579363259791662, 0.8597878151187124, 0.5017655608640736
-0.19563326568090006, 0.8375224221425799, 0.5057303157856949
-0.3209444116679566, 0.7964233076738446, 0.5082082564619791
-0.4396257249740475, 0.7388918014512939, 0.5062871100209008
-0.5487006805500955, 0.6650076524863215, 0.5022061347119453
-0.6439527705666278, 0.5741687112607858, 0.5013235509114354
-0.7222203251681618, 0.4681480673953099, 0.5051695902192025
-0.7837798722378879, 0.3514870447711669, 0.5082091556092575
-0.8291512519366544, 0.22759243964760056, 0.5068424027827074
-0.8566500769542654, 0.09868885203641331, 0.5026461302782799
-0.8628996287028876, -0.0328962279667962, 0.5008819482400378
-0.845918276648926, -0.1636806059430336, 0.504608705128757
-0.8090865775410703, -0.2904099459278572, 0.5082100562456539
-0.7555645095383403, -0.4111039874400158, 0.507397856329817
-0.6860429259950442, -0.5232160907883707, 0.5030857149360342
-0.5996356240491858, -0.6228965663072508, 0.5004407578067492
-0.4966846146474163, -0.7055730513375915, 0.5040476586631701
-0.3820325014981003, -0.7711430023410404, 0.5082109532422993
-0.2595468614853843, -0.8207615771330001, 0.5079534675596252
-0.13158276754162399, -0.8534968870918299, 0.5035248938609773
0.0, -0.8660254037844379, 0.5000000000000011
-1.2359601605324271e-15, -0.866025403784438, 0.5000000000000011
0.13158227916125648, -0.8534911417124318, 0.5035242171971518
0.25954589300890885, -0.8207577010595648, 0.5079514568257036
0.3820358584317586, -0.7711509670366851, 0.5082120273054747
0.496697175321003, -0.7055945375556285, 0.5040426473509994
0.599633315699934, -0.6228938295487462, 0.5004403294399516
0.6860198381942162, -0.5231966191905165, 0.5030821518523542
0.7555596305216375, -0.41110097577560384, 0.5073905772608054
0.809107928970761, -0.29041868021107364, 0.5082129267816075
0.8459622334969964, -0.16369216022088515, 0.5045977499479606
0.8628853215542405, -0.03289501259845379, 0.5008802445970143
0.8566027834155734, 0.09868483350756097, 0.5026405322406939
0.8291553175246237, 0.22759370876178087, 0.5068294981480981
0.7838144632443922, 0.35150147980724755, 0.5082138188061429
0.7222672115058685, 0.4681753699921689, 0.5051530443867017
0.6439280246532098, 0.5741478414445506, 0.5013197363884438
0.5486635875702426, 0.6649636701315198, 0.5021993471482651
0.439638641549267, 0.738914339061455, 0.5062682230450533
0.32096422872140246, 0.79647127043544, 0.5082147123705685
0.19564646446728678, 0.8375720326123814, 0.5057085361805898
0.06578876352381, 0.8597305075876701, 0.5017587710794056
-0.06578863639775384, 0.8597290281051514, 0.5017585982833103
-0.19564755334247813, 0.8375761063053331, 0.5057067598782199
-0.3209670105548871, 0.7964780017203907, 0.5082156116747393
-0.4396414494672547, 0.7389192492041725, 0.5062642211924
-0.5486529691362689, 0.6649510650769421, 0.5021973682129321
-0.643918761375023, 0.5741400393479462, 0.5013182892338108
-0.7222897521962466, 0.46818846404592734, 0.5051451039467768
-0.7838346208223378, 0.35150989045226555, 0.5082165140611288
-0.8291587018545654, 0.22759475203463492, 0.5068201020178826
-0.8565611311137634, 0.09868126921262729, 0.5026355280261803
-0.8628699906873385, -0.032893700412005955, 0.5008783946698787
-0.8460201626115087, -0.1637074516886231, 0.5045832576602189
-0.809141644614189, -0.290432476699616, 0.5082174271174063
-0.755550683760307, -0.41109543365817247, 0.50737618226105
-0.6859629307778194, -0.5231486830401183, 0.5030732348379873
-0.5996260361776536, -0.6228851884745906, 0.5004389479331561
-0.4967504515193558, -0.7056858874768928, 0.5040212185703682
-0.3820556644755431, -0.7711979828374269, 0.5082183327776418
-0.2595370187741989, -0.8207222323530661, 0.5079324482297352
-0.13157252722377466, -0.8533771873992982, 0.5035105112181639
0.0, -0.8660254037844387, 0.49999999999999983
-1.2592659392331872e-15, -0.8660254037844388, 0.49999999999999983
0.13157200546375494, -0.8533711496402758, 0.5035097943301456
0.2595360465408163, -0.8207183475092079, 0.5079303248942489
0.3820590567958882, -0.7712060334609504, 0.5082193840198548
0.4967636816079848, -0.7057086295467532, 0.504015808628811
0.5996235648768465, -0.6228822495481499, 0.5004385214069457
0.6859388093032265, -0.5231283947715122, 0.5030694219760063
0.7555462520644691, -0.41109267514586456, 0.5073684981691663
0.8091633709313741, -0.29044136804811116, 0.5082202870174051
0.846066899397295, -0.16371984530431533, 0.5045714816523258
0.8628550242452075, -0.03289240963641841, 0.5008765907614333
0.8565118763421026, 0.09867701964407243, 0.5026295226470229
0.8291642626555242, 0.2275964517764721, 0.5068064362217604
0.7838698937874335, 0.3515246054093525, 0.5082211841620707
0.7223400688734847, 0.468217614103437, 0.5051273835190071
0.6438929524194694, 0.574118328622337, 0.5013142059629709
0.5486144045614821, 0.664905218374652, 0.5021900866107005
0.43965583393479646, 0.7389444763985675, 0.5062441426132271
0.3209872270137724, 0.796526925035576, 0.5082220832712071
0.19566199926043026, 0.8376299087849144, 0.5056835191991762
0.06578349037448253, 0.8596693588265303, 0.501751317655524
-0.06578335736034656, 0.8596678369030084, 0.5017511292489683
-0.19566318908594016, 0.8376343236419123, 0.5056816227009242
-0.32099006195155044, 0.7965337872370161, 0.5082229828103879
-0.43965895431166235, 0.7389499638587294, 0.5062398822130934
-0.5486033404764756, 0.6648920498321738, 0.5021879715995674
-0.643883327940968, 0.5741102436713499, 0.5013126423344458
-0.7223642707592604, 0.4682316013972695, 0.5051188705284815
-0.7838904452149251, 0.35153317906718246, 0.5082238808158118
-0.8291687624399418, 0.2275978196679433, 0.5067964759462734
-0.8564684735022521, 0.09867324875408151, 0.5026241563846408
-0.8628390077222117, -0.032891016542846, 0.500874621727482
-0.8461285694425664, -0.16373626951738857, 0.5045558891450019
-0.8091977290040331, -0.29045543371709465, 0.508224785322786
-0.7555382936145907, -0.4110876910652475, 0.5073533040900013
-0.6858794228031144, -0.523078503513063, 0.5030598650122924
-0.5996159249861777, -0.622873153917459, 0.5004370713151561
-0.4968199877504882, -0.7058056589841208, 0.5039926770109251
-0.38207922704694564, -0.7712539472808525, 0.508225684809111
-0.25952730615816827, -0.8206834713834699, 0.5079103589467929
-0.13156168583923028, -0.8532523926936825, 0.5034951060234221
0.0, -0.8660254037844395, 0.49999999999999856
-1.2838883452629788e-15, -0.8660254037844395, 0.49999999999999856
0.13156114609263803, -0.8532462231506904, 0.5034943175942518
0.2595263781879271, -0.8206797727373157, 0.5079081506537615
0.38208272256886566, -0.7712622570072982, 0.5082267698711471
0.4968340317281351, -0.70582992747758, 0.5039868391224477
0.5996133964951738, -0.6228701404398992, 0.500436592367918
0.6858543415250018, -0.5230574627952986, 0.5030557599712503
0.7555344840149151, -0.41108528695332375, 0.5073452052138433
0.8092199413144732, -0.2904645320667337, 0.508227667088725
0.8461784243428889, -0.16374961277983632, 0.5045432072764798
0.8628234408211806, -0.032889653928761524, 0.5008726759165123
0.8564172208536605, 0.09866875870391725, 0.5026177063043376
0.8291760324341645, 0.22760001443938904, 0.5067819879395613
0.7839264506876247, 0.351548191726964, 0.5082285649929693
0.7224183696478577, 0.468262773682591, 0.5050998482813167
0.6438564200091226, 0.5740876685607071, 0.5013082520162326
0.5485632329825466, 0.6648442396975829, 0.5021801617422386
0.4396749522244463, 0.7389781658273772, 0.5062184968486059
0.32101068684933676, 0.7965836884042408, 0.5082294627069616
0.19567901152046685, 0.8376926972743836, 0.5056567624955635
0.06577791002369121, 0.8596056400244467, 0.5017433237881698
-0.06577777226316558, 0.8596040867017416, 0.5017431164766077
-0.19568031261904387, 0.8376974849504228, 0.5056547343962414
-0.3210135729105603, 0.7965906779851604, 0.5082303592036856
-0.4396784091465321, 0.7389842815081638, 0.5062139479710606
-0.5485517056202118, 0.6648304825592388, 0.5021778938910304
-0.6438463590552967, 0.5740792415706374, 0.501306580862786
-0.7224443893615806, 0.4682777305251745, 0.5050906991696519
-0.7839474129156843, 0.3515569339697943, 0.5082312630632002
-0.829181784428413, 0.22760174997465935, 0.5067714112900763
-0.8563719659006903, 0.0986647652419822, 0.502611955952861
-0.8628068552170972, -0.03288818978406112, 0.5008705346679766
-0.8462441659997835, -0.1637672830808112, 0.5045263917037124
-0.8092549625581291, -0.29047887698928454, 0.5082321610467023
-0.7555276846076879, -0.41108095169444003, 0.5073291432152618
-0.6857923562994573, -0.5230055311736046, 0.5030455105966262
-0.5996054953080008, -0.6228607085989833, 0.5004350152354962
-0.4968936244698177, -0.7059331592498347, 0.5039618138918083
-0.3821032710385159, -0.7713111089054541, 0.5082330659936735
-0.2595178267710604, -0.8206456805351361, 0.5078871498513309
-0.13155021886468385, -0.8531224268242953, 0.5034785622813754
0.0, -0.8660254037844404, 0.49999999999999706
-1.309942193294489e-15, -0.8660254037844404, 0.49999999999999717
0.13154964875396874, -0.853116010716274, 0.503477713905927
0.2595169251785703, -0.8206420897702144, 0.5078848273999941
0.38210683582684973, -0.7713195923781759, 0.5082341535114994
0.4969084979900151, -0.7059590004530262, 0.5039554901923785
0.5996028633823237, -0.6228575635520399, 0.5004345003761834
0.6857661898977032, -0.5229836421468137, 0.5030411021605338
0.7555245372430346, -0.4110789183895908, 0.507320576851641
0.8092776272508011, -0.29048816782978104, 0.5082350467926218
0.8462973650149521, -0.163781656666199, 0.5045126980731953
0.8627905666274222, -0.03288674056595281, 0.5008684609213357
0.8563185328215562, 0.09866000905094657, 0.5026050319591389
0.8291909161773643, 0.22760449484550369, 0.5067560053962572
0.7839841202734068, 0.35157223343569216, 0.5082359405189523
0.7225025649975774, 0.4683110660530995, 0.5050702275833711
0.6438182592786085, 0.574055732305272, 0.5013018743772842
0.5485099653745149, 0.664780584687445, 0.5021695082339157
0.4396961700013355, 0.7390157619545233, 0.5061911127897819
0.32103461044063464, 0.7966415683513908, 0.5082368369884067
0.19569765683969387, 0.837760857308377, 0.5056280794704472
0.06577200042376694, 0.8595392221767767, 0.5017347430168491
-0.06577185489412053, 0.8595376083961312, 0.5017345196958793
-0.19569908094911942, 0.8377660480148212, 0.5056259013214234
-0.32103755174491355, 0.7966486922537486, 0.5082377308990349
-0.4397000041238697, 0.739022583663016, 0.506186250502631
-0.5484979553774709, 0.6647662113460909, 0.5021670781289769
-0.6438077584101012, 0.5740469631665027, 0.5013000754516284
-0.722530594106537, 0.468327086470518, 0.5050603708191167
-0.7840055145936932, 0.3515811515869069, 0.5082386412248522
-0.8291980733049974, 0.22760664721936058, 0.5067447512845071
-0.8562713261106119, 0.09865577607945308, 0.502598864678608
-0.8627733420973518, -0.03288519611349183, 0.500866143123131
-0.846367551211075, -0.16380070288780946, 0.5044945187067216
-0.8093133453806999, -0.2905028085357752, 0.508239538370109
-0.7555190803956094, -0.4110753286744326, 0.5073035652569066
-0.6857014448965216, -0.5229295550406796, 0.5030301052269913
-0.5995946833703342, -0.6228477727426258, 0.5004327888339184
-0.4969716086732267, -0.7060689261557372, 0.503928343382221
-0.382127759184208, -0.7713693789406788, 0.5082404286854558
-0.2595086169368098, -0.8206089584768053, 0.5078626950625109
-0.131538061896792, -0.8529868432317678, 0.5034608114458472
0.0, -0.8660254037844414, 0.49999999999999545
-1.3375560473382738e-15, -0.8660254037844414, 0.49999999999999556
0.1315374594628013, -0.8529801706880826, 0.5034598976190455
0.25950774597746856, -0.820605488984052, 0.5078602459774854
0.38213139188151224, -0.7713780344985497, 0.5082415156426107
0.4969873791390355, -0.7060964813607922, 0.503921476121377
0.5995918527673875, -0.62284437757053, 0.500432272764563
0.6856740814138063, -0.5229067332475867, 0.5030253747266955
0.7555166461594214, -0.41107368727142934, 0.5072944725223912
0.8093364201371125, -0.2905122734382187, 0.5082424063299986
0.8464243343663553, -0.16381619458863758, 0.5044796907968709
0.8627562476637682, -0.032883649514323904, 0.5008639440023754
0.856215529925423, 0.09865072630251473, 0.5025914342974576
0.8292092669692678, 0.2276100113484963, 0.5067283248273813
0.784042922133006, 0.35159673787773493, 0.5082433004502207
0.7225932153177437, 0.4683627631550065, 0.5050382824054845
0.643778380298773, 0.5740224568985991, 0.5012950327837646
0.5484544793784171, 0.6647140839021688, 0.5021580714116898
0.4397196966466206, 0.7390576881047259, 0.5061618042250202
0.3210590078476948, 0.7967005881047934, 0.5082441972261447
0.19571811222681246, 0.837834902136946, 0.5055972504312343
0.06576573063178592, 0.859469911875802, 0.5017255332989695
-0.06576558002897749, 0.8594682451416904, 0.5017252909826361
-0.1957196736445092, 0.8378405318408115, 0.5055949059679383
-0.32106200546377783, 0.7967078453533394, 0.5082450861180776
-0.43972394596328346, 0.7390652905437424, 0.5061565915020133
-0.5484419470817532, 0.6646990375528314, 0.5021554675695943
-0.6437674472427672, 0.57401335187326, 0.5012930911817226
-0.7226233766727549, 0.4683799014309521, 0.5050276314934816
-0.7840647089515164, 0.3516058171596392, 0.5082459829954631
-0.8292179662427037, 0.2276126301505735, 0.5067163124840952
-0.8561662415748318, 0.09864623308729448, 0.5025848118692259
-0.8627381968262862, -0.03288200208747422, 0.500861474022449
-0.8464993785487859, -0.1638367617254029, 0.5044599862031025
-0.8093728588993817, -0.29052722179131674, 0.5082468935264542
-0.7555127336252653, -0.41107094707322483, 0.5072764161743145
-0.6856064059990769, -0.5228503690637719, 0.5030135694805755
-0.5995833781885885, -0.6228342050717938, 0.5004304156453804
-0.4970543133939305, -0.7062137376693551, 0.503891954527862
-0.38215270405531065, -0.7714287975748664, 0.5082477688667423
-0.25949975035125067, -0.8205735482959822, 0.5078368775448073
-0.13152515781681734, -0.8528452986135472, 0.5034417567297609
0.0, -0.8660254037844424, 0.49999999999999384
-1.3668743424074387e-15, -0.8660254037844421, 0.4999999999999938
0.13129412629915765, -0.8513257255893053, 0.5057577603672868
0.25859975226500215, -0.8177097845809843, 0.5123363692924188
0.38015651065471007, -0.7674141791116629, 0.5149815833749509
0.49353817731378774, -0.7012425208930507, 0.5131266248734361
0.5941938974108717, -0.6172404859783012, 0.5122421334838958
0.6782807297189266, -0.5172401334280835, 0.5169494224580814
0.7462855322433305, -0.4060259810765605, 0.5230835020879894
0.7981283264323652, -0.2865044046105531, 0.526203655407127
0.8330838866814201, -0.16127382101469812, 0.5251622086058592
0.8472536803282656, -0.032304378926884064, 0.5244186957061365
0.8393438182680555, 0.0967400754334152, 0.5282066736744427
0.811800096623938, 0.22287346697558427, 0.5339151880059262
0.7663758898242794, 0.3436599194215044, 0.5374257196772788
0.7048721950616896, 0.4568121593156314, 0.5371132294948874
0.6264753585066691, 0.558559258680905, 0.5365297021296738
0.5327194478106385, 0.6457090195808186, 0.5395294673970521
0.42657463203356977, 0.7170833110421586, 0.544831447030964
0.31103532778825677, 0.7718116372282939, 0.5486477966238031
0.18926251537502414, 0.8098906101144324, 0.5489796923742452
0.06345508075009401, 0.8286905857666236, 0.5485751199721935
-0.0633397255819053, 0.8271535227806814, 0.5509178345987751
-0.18824137920597933, 0.8054717580676312, 0.5558322675614118
-0.3082471178746055, 0.7648887193243277, 0.559869867043005
-0.42115593730364165, 0.7080242742447371, 0.5607615898116128
-0.5238879650014245, 0.6350420486426558, 0.5605549726530022
-0.6138055954120454, 0.5472355006395784, 0.5623717836867526
-0.6883586909545988, 0.4460534942045229, 0.5669176472681812
-0.7459438320573322, 0.3344824661150796, 0.5710919378949516
-0.7871160042107264, 0.2161570218186118, 0.5724589261691917
-0.8103361113370018, 0.09345211365647915, 0.5724692530975704
-0.8147543355335627, -0.03109301855607214, 0.5738913096455606
-0.7987246751661592, -0.1547034672133441, 0.5780875897910986
-0.7629525741942799, -0.2739180718085559, 0.5823140125632658
-0.7106986240454819, -0.3865694368386401, 0.5840717035441938
-0.6429404589441403, -0.49017993351130384, 0.584317963701409
-0.5607881449209982, -0.5825702737899038, 0.5854764001025518
-0.46446265736802683, -0.6601118497788085, 0.5893420968110017
-0.3568458492806699, -0.7205250190291062, 0.5935360964753541
-0.24195733953209084, -0.7647601156794402, 0.5955999228263992
-0.12229548378318934, -0.7921903761714267, 0.5961010978893558
0.0, -0.8021466764146755, 0.5971270463786494
-1.2907796403717762e-15, -0.8021466764146755, 0.5971270463786496
0.1216114376540461, -0.7876995526289319, 0.6017582119596175
0.2392845061206033, -0.756266106311983, 0.6066499593669248
0.35091423737753236, -0.7085835001044245, 0.6100734497657607
0.4539988342381963, -0.6453029014483483, 0.6119168938673439
0.5448246105367265, -0.5660021271398694, 0.6142173347792423
0.6212807423533179, -0.473599138288442, 0.618338780523129
0.6833076020400739, -0.3716046985304899, 0.6228654878219262
0.7295158488451845, -0.2619448314343378, 0.6264135890367346
0.758799381669125, -0.1470596817764929, 0.6287282808782246
0.7689039486995116, -0.029382853245705408, 0.6312431178074344
0.7605901170785034, 0.08780857496536293, 0.6349838544214901
0.7353948063908722, 0.2020683098263223, 0.6391660086016375
0.6933341881818342, 0.3108610532878884, 0.642753736870451
0.6355435307978854, 0.41166126533044023, 0.6454546827348238
0.5626191803567133, 0.5014908103454626, 0.6482043761096539
0.4773830848970616, 0.5788630307670279, 0.6516934334921717
0.3821033962742483, 0.6426972739808345, 0.6555515231502279
0.27842388041205135, 0.6908502108119632, 0.6590938895801726
0.16901934029208832, 0.7223823141244408, 0.6620960973748085
0.05649905431877079, 0.7360793589737983, 0.6651011088012659
-0.05627239890177645, 0.7330629037031298, 0.6684675471721339
-0.16700539377408413, 0.7136816911692585, 0.6720220222029438
-0.27292783260991726, 0.6772068225989673, 0.6754340384809232
-0.3714416206794602, 0.6248569398892145, 0.678652522157044
-0.4600554387325333, 0.55792913607101, 0.6819333319461609
-0.5377523815416022, 0.4792685737362402, 0.6853061704833513
-0.603014137662917, 0.39048414591656844, 0.688577510552486
-0.6530625967011278, 0.2927829480183428, 0.6917741903607617
-0.6868070424390571, 0.18882571109734908, 0.6951239611200771
-0.7036727074652507, 0.08134858815801745, 0.6987010372210966
-0.7051174043263, -0.027002859550256057, 0.7022093073644826
-0.6911265835237561, -0.13409572048923732, 0.7052179886335724
-0.6602012390036041, -0.23711451701342234, 0.7081143456121408
-0.6132429423664287, -0.3333397985106603, 0.7115104142732358
-0.5519318426122994, -0.42051837063281244, 0.7154042241704618
-0.47925562687074175, -0.4979488267655901, 0.7191769598346084
-0.39674709626122356, -0.564258450076865, 0.7219434519947973
-0.30502210775033917, -0.6161531996974643, 0.724454494601782
-0.20647882084914584, -0.6520736963630225, 0.7278118736421704
-0.10393146990300489, -0.6716842033036271, 0.7320428968885314
0.0, -0.6767540871017963, 0.7362091452780346
