5.684341886080802e-14, 37.960409094372984, -0.09999989999985255
-5.942016950832966, 37.50486396885324, -0.09999989999985255
-11.740006219611796, 36.12863788020888, -0.09999989999985255
-17.245360171734852, 33.8482462315023, -0.09999989999985255
-22.318297613570678, 30.721588182490496, -0.09999989999985255
-26.842058436524763, 26.842066937968262, -0.09999989999985255
-30.721581044195645, 22.318307365205463, -0.09999989999985255
-33.84824084163508, 17.24537075573034, -0.09999989999985255
-36.12863445388287, 11.740016752146644, -0.09999989999985255
-37.504862489633446, 5.94202651764229, -0.09999989999985255
-37.96040909437215, 8.015145263939871e-06, -0.09999989999985255
-37.50486495199353, -5.942010614602753, -0.09999989999985255
-36.128639359024326, -11.740001643628707, -0.09999989999985255
-33.84824769150885, -17.245357317497074, -0.09999989999985255
-30.721589128757298, -22.31829631972288, -0.09999989999985255
-26.842066937923764, -26.842058436568838, -0.09999989999985255
-22.318306071259205, -30.72158199053501, -0.09999989999985255
-17.245367901392463, -33.84824230169379, -0.09999989999985255
-11.740012176063352, -36.128635932731974, -0.09999989999985255
-5.942020181342335, -37.50486347278614, -0.09999989999985255
-7.105427357601002e-15, -37.96040909437297, -0.09999989999985255
-4.440892098500626e-15, -37.96040909437297, -0.09999989999985255
5.942016950854627, -37.504863968849726, -0.09999989999985255
11.740006219623838, -36.12863788020476, -0.09999989999985255
17.245360171726425, -33.84824623150618, -0.09999989999985255
22.318297613544733, -30.7215881825088, -0.09999989999985255
26.8420584364882, -26.84206693800394, -0.09999989999985255
30.72158104415427, -22.318307365261063, -0.09999989999985255
33.84824084159323, -17.245370755811326, -0.09999989999985255
36.12863445384806, -11.740016752253712, -0.09999989999985255
37.504862489611554, -5.94202651778286, -0.09999989999985255
37.96040909437216, -8.015320096532719e-06, -0.09999989999985255
37.5048649520235, 5.942010614409908, -0.09999989999985255
36.12863935908329, 11.740001643446195, -0.09999989999985255
33.84824769160005, 17.245357317318735, -0.09999989999985255
30.721589128874925, 22.318296319562034, -0.09999989999985255
26.842066938046507, 26.842058436446067, -0.09999989999985255
22.31830607137468, 30.721581990450524, -0.09999989999985255
17.245367901487413, 33.84824230164523, -0.09999989999985255
11.740012176126893, 36.12863593271144, -0.09999989999985255
5.942020181366621, 37.50486347278243, -0.09999989999985255
4.440892098500626e-16, 37.960409094372984, -0.09999989999985255
4.973799150320701e-14, 35.332255551895095, -1.0999998999998526
-5.537386515671423, 34.92971198940047, -1.0999998999998526
-10.944963330809093, 33.675866422667234, -1.0999998999998526
-16.073093312618536, 31.55173378677546, -1.0999998999998526
-20.78342490250855, 28.61462471227227, -1.0999998999998526
-24.98360916869828, 24.983745821858058, -1.0999998999998526
-28.614509702597083, 20.783580203664087, -1.0999998999998526
-31.551659539657667, 16.073237293229496, -1.0999998999998526
-33.675821279702056, 10.945104560430458, -1.0999998999998526
-34.92968953286518, 5.537536975238106, -1.0999998999998526
-35.33225555169242, 0.00012698007567557568, -1.0999998999998526
-34.929726964872536, -5.537285795364505, -1.0999998999998526
-33.67588907130006, -10.944892428759221, -1.0999998999998526
-31.551755828825247, -16.073050558466047, -1.0999998999998526
-28.614638341974096, -20.783406502781926, -1.0999998999998526
-24.98374419156665, -24.983610798997343, -1.0999998999998526
-20.78355809871132, -28.614526077146742, -1.0999998999998526
-16.07319044037842, -31.551683695087245, -1.0999998999998526
-10.94503034318583, -33.675845003222115, -1.0999998999998526
-5.537435215612519, -34.92970470493884, -1.0999998999998526
0.0, -35.33225555189508, -1.0999998999998526
-8.881784197001252e-16, -35.33225555189509, -1.0999998999998526
5.5373865156710185, -34.929711989400445, -1.0999998999998526
10.944963330802077, -33.67586642266937, -1.0999998999998526
16.07309331260176, -31.551733786783867, -1.0999998999998526
20.78342490248213, -28.61462471229143, -1.0999998999998526
24.983609168665282, -24.98374582189056, -1.0999998999998526
28.614509702558095, -20.783580203716195, -1.0999998999998526
31.55165953962669, -16.073237293289047, -1.0999998999998526
33.675821279682594, -10.945104560490876, -1.0999998999998526
34.929689532856905, -5.537536975293257, -1.0999998999998526
35.332255551692384, -0.00012698012555745208, -1.0999998999998526
34.929726964878924, 5.537285795321679, -1.0999998999998526
33.67588907131203, 10.944892428721928, -1.0999998999998526
31.55175582884174, 16.073050558433973, -1.0999998999998526
28.614638341993356, 20.78340650275588, -1.0999998999998526
24.983744191587164, 24.983610798976766, -1.0999998999998526
20.78355809873016, 28.614526077132712, -1.0999998999998526
16.073190440398353, 31.551683695076953, -1.0999998999998526
10.945030343207216, 33.67584500321524, -1.0999998999998526
5.537435215620076, 34.92970470493779, -1.0999998999998526
-8.881784197001252e-16, 35.33225555189509, -1.0999998999998526
4.973799150320701e-14, 34.07447953015792, -2.099999899999853
-5.342124044564466, 33.692126967384134, -2.099999899999853
-10.560258448611478, 32.49052598087185, -2.099999899999853
-15.506930894204693, 30.44155840921227, -2.099999899999853
-20.046364109972465, 27.601469171439213, -2.099999899999853
-24.094205550519916, 24.094385531542308, -2.099999899999853
-27.601317336591677, 20.04656838598708, -2.099999899999853
-30.441459487356582, 15.507122295220379, -2.099999899999853
-32.490466038306344, 10.560446485113292, -2.099999899999853
-33.69209773458314, 5.342322345801726, -2.099999899999853
-34.07447952980048, 0.00016756064834488882, -2.099999899999853
-33.69214654754004, -5.341990806130452, -2.099999899999853
-32.490555896421995, -10.560164409313359, -2.099999899999853
-30.441587768650272, -15.506874077576516, -2.099999899999853
-27.601487477575752, -20.046339487311432, -2.099999899999853
-24.094383700370496, -24.0942073817034, -2.099999899999853
-20.046539606999968, -27.60133873314215, -2.099999899999853
-15.507060877024006, -30.44149122512615, -2.099999899999853
-10.560348912622953, -32.49049712656278, -2.099999899999853
-5.342188344306546, -33.69211746838336, -2.099999899999853
0.0, -34.07447953015791, -2.099999899999853
0.0, -34.07447953015792, -2.099999899999853
5.342124044562926, -33.69212696738431, -2.099999899999853
10.560258448611451, -32.49052598087176, -2.099999899999853
15.506930894206008, -30.441558409211467, -2.099999899999853
20.046364109974604, -27.601469171437365, -2.099999899999853
24.094205550524357, -24.09438553153757, -2.099999899999853
27.601317336595596, -20.046568385981466, -2.099999899999853
30.44145948735795, -15.507122295217323, -2.099999899999853
32.490466038305996, -10.560446485114063, -2.099999899999853
33.69209773458206, -5.342322345808648, -2.099999899999853
34.07447952980045, -0.0001675606578199762, -2.099999899999853
33.69214654754232, 5.3419908061148895, -2.099999899999853
32.49055589642692, 10.560164409297936, -2.099999899999853
30.44158776865504, 15.506874077567177, -2.099999899999853
27.60148747757544, 20.04633948731177, -2.099999899999853
24.094383700362126, 24.094207381711705, -2.099999899999853
20.046539606980346, 27.601338733156688, -2.099999899999853
15.507060876994743, 30.44149122514127, -2.099999899999853
10.560348912588836, 32.49049712657362, -2.099999899999853
5.34218834427817, 33.692117468387536, -2.099999899999853
-1.3322676295501878e-15, 34.07447953015792, -2.099999899999853
4.973799150320701e-14, 33.23823905040745, -3.099999899999853
-5.210955731546452, 32.86506727934854, -3.099999899999853
-10.300922878074164, 31.692691014254326, -3.099999899999853
-15.12615814607911, 29.694023972367763, -3.099999899999853
-19.554298550743514, 26.923896707782923, -3.099999899999853
-23.502897330092768, 23.503071124113546, -3.099999899999853
-26.923750104711946, 19.554495813720187, -3.099999899999853
-29.69392848896113, 15.126342908978609, -3.099999899999853
-31.692633148257315, 10.301104378084212, -3.099999899999853
-32.865039041208824, 5.211147201165493, -3.099999899999853
-33.238239050065545, 0.00016178502704988773, -3.099999899999853
-32.865086191593704, -5.210827092250364, -3.099999899999853
-31.692719895858886, -10.300832097583406, -3.099999899999853
-29.694052307539707, -15.126103307126993, -3.099999899999853
-26.923914368973175, -19.554274792483408, -3.099999899999853
-23.503069342575074, -23.502899111642517, -3.099999899999853
-19.55446801160124, -26.923770772296013, -3.099999899999853
-15.12628359310873, -29.69395913784016, -3.099999899999853
-10.301010156907612, -31.69266317219587, -3.099999899999853
-5.211017810331481, -32.865058104397306, -3.099999899999853
0.0, -33.23823905040744, -3.099999899999853
4.440892098500626e-16, -33.23823905040745, -3.099999899999853
5.210955731540249, -32.86506727934941, -3.099999899999853
10.300922878063368, -31.692691014257722, -3.099999899999853
15.126158146065023, -29.694023972374954, -3.099999899999853
19.554298550729445, -26.923896707793222, -3.099999899999853
23.502897330081943, -23.503071124124173, -3.099999899999853
26.92375010470289, -19.554495813732135, -3.099999899999853
29.69392848895557, -15.126342908989184, -3.099999899999853
31.692633148256252, -10.301104378087459, -3.099999899999853
32.865039041209876, -5.211147201158227, -3.099999899999853
33.23823905006556, -0.0001617850086290673, -3.099999899999853
32.86508619158927, 5.210827092280596, -3.099999899999853
31.692719895848334, 10.30083209761661, -3.099999899999853
29.694052307523354, 15.12610330715858, -3.099999899999853
26.92391436895288, 19.554274792510665, -3.099999899999853
23.503069342550496, 23.502899111667062, -3.099999899999853
19.554468011572478, 26.923770772317365, -3.099999899999853
15.126283593078544, 29.69395913785581, -3.099999899999853
10.301010156878862, 31.69266317220501, -3.099999899999853
5.211017810312146, 32.86505810440012, -3.099999899999853
-1.3322676295501878e-15, 33.23823905040745, -3.099999899999853
4.973799150320701e-14, 32.63286395405765, -4.099999899999853
-5.114754982628478, 32.26241557774238, -4.099999899999853
-10.109890217512115, 31.10609747377621, -4.099999899999853
-14.846480112275504, 29.14414583802525, -4.099999899999853
-19.196209384643673, 26.42971417293504, -4.099999899999853
-23.074852712753458, 23.074986069980856, -4.099999899999853
-26.42960180962457, 19.19636089315644, -4.099999899999853
-29.14407336221533, 14.846620582813893, -4.099999899999853
-31.106053458647953, 10.110027921487143, -4.099999899999853
-32.26239380050079, 5.1149016675938945, -4.099999899999853
-32.632863953850006, 0.00012386905603989362, -4.099999899999853
-32.26243016765894, -5.114656581023276, -4.099999899999853
-31.10611953296002, -10.109821007064747, -4.099999899999853
-29.144167329560087, -14.846438448727486, -4.099999899999853
-26.42972748681005, -19.196191426927957, -4.099999899999853
-23.074984535356315, -23.07485424738569, -4.099999899999853
-19.196339448725986, -26.429617708742782, -4.099999899999853
-14.84657506152285, -29.144096844000686, -4.099999899999853
-10.109955766745056, -31.10607650517365, -4.099999899999853
-5.114802668490407, -32.2624084654438, -4.099999899999853
0.0, -32.63286395405765, -4.099999899999853
4.440892098500626e-16, -32.63286395405765, -4.099999899999853
5.11475498262355, -32.26241557774307, -4.099999899999853
10.10989021750532, -31.106097473778313, -4.099999899999853
14.8464801122684, -29.14414583802887, -4.099999899999853
19.196209384637086, -26.429714172939804, -4.099999899999853
23.0748527127451, -23.074986069989073, -4.099999899999853
26.429601809614223, -19.19636089317024, -4.099999899999853
29.14407336220594, -14.846620582831937, -4.099999899999853
31.106053458639618, -10.110027921513193, -4.099999899999853
32.262393800495815, -5.114901667627593, -4.099999899999853
32.63286395385005, -0.00012386909557360326, -4.099999899999853
32.26243016766494, 5.11465658098332, -4.099999899999853
31.10611953297149, 10.109821007028822, -4.099999899999853
29.14416732957413, 14.846438448700253, -4.099999899999853
26.429727486821996, 19.196191426911827, -4.099999899999853
23.074984535365942, 23.07485424737606, -4.099999899999853
19.19633944872817, 26.42961770874115, -4.099999899999853
14.846575061521632, 29.144096844001368, -4.099999899999853
10.109955766743216, 31.106076505174244, -4.099999899999853
5.114802668487923, 32.26240846544422, -4.099999899999853
-4.440892098500626e-16, 32.63286395405765, -4.099999899999853
4.263256414560601e-14, 32.05551368486801, -5.099999899999853
-5.022785531365415, 31.686952521884844, -5.099999899999853
-9.92712231344326, 30.545085250404096, -5.099999899999853
-14.579043172409264, 28.61820236557714, -5.099999899999853
-18.854350733391268, 25.95775095761201, -5.099999899999853
-22.66662247537651, 22.666719726506308, -5.099999899999853
-25.957669171407197, 18.85446134423651, -5.099999899999853
-28.618149972602087, 14.579144906980474, -5.099999899999853
-30.545053342456498, 9.927221842760149, -5.099999899999853
-31.686936513526714, 5.022892275900837, -5.099999899999853
-32.05551368475416, 9.001457315793715e-05, -5.099999899999853
-31.68696319964135, -5.022714205545297, -5.099999899999853
-30.545101193640996, -9.927072387691101, -5.099999899999853
-28.618217746360315, -14.57901329770333, -5.099999899999853
-25.957760357271717, -18.854338016016733, -5.099999899999853
-22.6667183311088, -22.666623870779265, -5.099999899999853
-18.854445452983818, -25.9576809170454, -5.099999899999853
-14.579111523153621, -28.618167160186196, -5.099999899999853
-9.927169143577554, -30.54507022035201, -5.099999899999853
-5.022820145542646, -31.686947304472536, -5.099999899999853
0.0, -32.05551368486801, -5.099999899999853
4.440892098500626e-16, -32.05551368486801, -5.099999899999853
5.022785531376601, -31.686952521883125, -5.099999899999853
9.927122313467638, -30.545085250396244, -5.099999899999853
14.579043172444852, -28.618202365558748, -5.099999899999853
18.85435073343792, -25.957750957577407, -5.099999899999853
22.66662247543482, -22.66671972644786, -5.099999899999853
25.95766917146797, -18.854461344154142, -5.099999899999853
28.618149972654543, -14.579144906878453, -5.099999899999853
30.54505334249313, -9.927221842645915, -5.099999899999853
31.686936513544715, -5.022892275781227, -5.099999899999853
32.05551368475425, -9.001445032197353e-05, -5.099999899999853
31.686963199622497, 5.0227142056715905, -5.099999899999853
30.545101193602832, 9.92707238781047, -5.099999899999853
28.618217746305596, 14.579013297809635, -5.099999899999853
25.957760357205707, 18.854338016106063, -5.099999899999853
22.66671833103734, 22.666623870850735, -5.099999899999853
18.85444545291105, 25.957680917099207, -5.099999899999853
14.579111523088711, 28.618167160219667, -5.099999899999853
9.92716914353242, 30.545070220366455, -5.099999899999853
5.022820145515919, 31.686947304476558, -5.099999899999853
-8.881784197001252e-16, 32.05551368486801, -5.099999899999853
4.263256414560601e-14, 31.478163415678377, -6.099999899999853
-4.930810296646718, 31.1114576269679, -6.099999899999853
-9.744348783744934, 29.984065585538506, -6.099999899999853
-14.311601494894791, 28.09225147312155, -6.099999899999853
-18.51247073994181, 25.485763390873547, -6.099999899999853
-22.258389935317815, 22.25845568568661, -6.099999899999853
-25.48570820162796, 18.512545609461494, -6.099999899999853
-28.09221621252879, 14.311670089273493, -6.099999899999853
-29.984044039491714, 9.744415779919782, -6.099999899999853
-31.111446715643872, 4.930882303149268, -6.099999899999853
-31.478163415624884, 6.053411903383932e-05, -6.099999899999853
-31.11146484025297, -4.930762571673678, -6.099999899999853
-29.984076197212104, -9.744315605253828, -6.099999899999853
-28.092261580784058, -14.311581823392117, -6.099999899999853
-25.485769430752164, -18.512462541995944, -6.099999899999853
-22.25845444752426, -22.258391173483385, -6.099999899999853
-18.512534592072562, -25.48571631879476, -6.099999899999853
-14.31164730280722, -28.092227920801157, -6.099999899999853
-9.744380026411644, -29.984055522039565, -6.099999899999853
-4.9308335580648075, -31.111454081398687, -6.099999899999853
0.0, -31.478163415678377, -6.099999899999853
8.881784197001252e-16, -31.478163415678377, -6.099999899999853
4.930810296660631, -31.111457626965755, -6.099999899999853
9.744348783772818, -29.984065585529486, -6.099999899999853
14.311601494935791, -28.092251473100443, -6.099999899999853
18.512470739992057, -25.485763390836404, -6.099999899999853
22.258389935374964, -22.25845568562933, -6.099999899999853
25.485708201686087, -18.51254560938248, -6.099999899999853
28.092216212578663, -14.311670089176411, -6.099999899999853
29.98404403952628, -9.744415779812263, -6.099999899999853
31.11144671566043, -4.930882303040573, -6.099999899999853
31.478163415624984, -6.053401412753345e-05, -6.099999899999853
31.111464840238185, 4.930762571771901, -6.099999899999853
29.984076197184542, 9.744315605339835, -6.099999899999853
28.092261580748673, 14.311581823461083, -6.099999899999853
25.485769430713603, 18.512462542048336, -6.099999899999853
22.258454447484905, 22.258391173522778, -6.099999899999853
18.51253459203235, 25.485716318824434, -6.099999899999853
14.311647302769149, 28.092227920820775, -6.099999899999853
9.744380026377868, 29.984055522050383, -6.099999899999853
4.930833558052901, 31.111454081400456, -6.099999899999853
-4.440892098500626e-16, 31.478163415678377, -6.099999899999853
4.263256414560601e-14, 30.900813146488737, -7.099999899999853
-4.83882953750308, 30.535928951683214, -7.099999899999853
-9.561570650786221, 29.423037729789826, -7.099999899999853
-14.044156717093175, 27.56629186271688, -7.099999899999853
-18.170570303927896, 25.013748443185815, -7.099999899999853
-21.850156765144114, 21.850192274963675, -7.099999899999853
-25.01371873058899, 18.170610792895047, -7.099999899999853
-27.566272546035265, 14.044194440795756, -7.099999899999853
-29.423025740402437, 9.561607797700045, -7.099999899999853
-30.53592285256447, 4.838869249614199, -7.099999899999853
-30.90081314647173, 3.347895687078051e-05, -7.099999899999853
-30.535933007516057, -4.838803063209619, -7.099999899999853
-29.423043887905106, -9.56155153059265, -7.099999899999853
-27.566297973078353, -14.044144800787203, -7.099999899999853
-25.013752406237643, -18.170564906909718, -7.099999899999853
-21.850192274964716, -21.850156765142994, -7.099999899999853
-18.17060539589048, -25.013722693644063, -7.099999899999853
-14.044182524505509, -27.566278656408663, -7.099999899999853
-9.56158867755786, -29.423031898526958, -7.099999899999853
-4.838842775337498, -30.53592690842927, -7.099999899999853
0.0, -30.900813146488737, -7.099999899999853
8.881784197001252e-16, -30.900813146488733, -7.099999899999853
4.838829537486624, -30.535928951685698, -7.099999899999853
9.561570650757288, -29.42303772979908, -7.099999899999853
14.044156717053497, -27.566291862737145, -7.099999899999853
18.17057030388694, -25.01374844321572, -7.099999899999853
21.85015676508983, -21.850192275017847, -7.099999899999853
25.013718730523447, -18.170610792984224, -7.099999899999853
27.566272545970087, -14.044194440922857, -7.099999899999853
29.423025740349107, -9.561607797865806, -7.099999899999853
30.53592285253697, -4.838869249794701, -7.099999899999853
30.900813146471847, -3.3479126745561416e-05, -7.099999899999853
30.535933007540567, 4.838803063050384, -7.099999899999853
29.423043887950993, 9.561551530450469, -7.099999899999853
27.566297973141392, 14.044144800664352, -7.099999899999853
25.01375240631466, 18.17056490680476, -7.099999899999853
21.85019227504413, 21.85015676506363, -7.099999899999853
18.170605395960813, 25.013722693592463, -7.099999899999853
14.044182524563881, 27.566278656378763, -7.099999899999853
9.561588677599849, 29.423031898513425, -7.099999899999853
4.838842775360408, 30.535926908425797, -7.099999899999853
-4.440892098500626e-16, 30.900813146488733, -7.099999899999853
4.263256414560601e-14, 30.323462877299104, -8.099999899999853
-4.7468410504000405, 29.96036475976774, -8.099999899999853
-9.378784974623187, 28.86200218320276, -8.099999899999853
-13.776705425681618, 27.040324799646296, -8.099999899999853
-17.828644799422776, 24.541707037223244, -8.099999899999853
-21.44191942614618, 21.441933033045345, -8.099999899999853
-24.541695660130166, 17.828660321846673, -8.099999899999853
-27.040316703163267, 13.776721288707439, -8.099999899999853
-28.861997085757594, 9.378800695781324, -8.099999899999853
-29.960362417674535, 4.746856267969292, -8.099999899999853
-30.323462877296535, 1.2828651872354158e-05, -8.099999899999853
-29.96036633068206, -4.746830908487151, -8.099999899999853
-28.862004549147077, -9.378777650152118, -8.099999899999853
-27.04032713710295, -13.776700857600016, -8.099999899999853
-24.541708552350237, -17.82864272890164, -8.099999899999853
-21.441933033006254, -21.441919426185194, -8.099999899999853
-17.828658251232305, -24.541697175326593, -8.099999899999853
-13.77671672051347, -27.04031904068046, -8.099999899999853
-9.37879337120578, -28.861999451739642, -8.099999899999853
-4.746846125960712, -29.96036398860653, -8.099999899999853
0.0, -30.32346287729911, -8.099999899999853
8.881784197001252e-16, -30.323462877299107, -8.099999899999853
4.746841050467953, -29.96036475975721, -8.099999899999853
9.378784974725448, -28.86200218316969, -8.099999899999853
13.776705425805106, -27.040324799583033, -8.099999899999853
17.828644799536562, -24.541707037139865, -8.099999899999853
21.44191942625174, -21.441933032939705, -8.099999899999853
24.541695660223958, -17.82866032171841, -8.099999899999853
27.040316703236407, -13.77672128856453, -8.099999899999853
28.861997085806614, -9.378800695629796, -8.099999899999853
29.96036241769998, -4.746856267805592, -8.099999899999853
30.32346287729665, -1.282850375350364e-05, -8.099999899999853
29.960366330662723, 4.746830908612796, -8.099999899999853
28.862004549109244, 9.378777650269521, -8.099999899999853
27.040327137048212, 13.776700857707116, -8.099999899999853
24.541708552295223, 17.82864272897689, -8.099999899999853
21.441933032962297, 21.44191942622922, -8.099999899999853
17.828658251200988, 24.541697175349572, -8.099999899999853
13.77671672048827, 27.040319040693376, -8.099999899999853
9.378793371187598, 28.861999451745525, -8.099999899999853
4.746846125957704, 29.960363988606982, -8.099999899999853
-4.440892098500626e-16, 30.323462877299107, -8.099999899999853
4.263256414560601e-14, 29.746112608109478, -9.099999899999853
-4.65483647053872, 29.384764206648075, -9.099999899999853
-9.195979886221389, 28.300962321553477, -9.099999899999853
-13.509233645387955, 26.51435690669138, -9.099999899999853
-17.486677994095828, 24.06964822034207, -9.099999899999853
-21.033662883154175, 21.033692995101102, -9.099999899999853
-24.06962159596044, 17.486714511206802, -9.099999899999853
-26.514335008424297, 13.509276541041546, -9.099999899999853
-28.300948349167793, 9.196023001669671, -9.099999899999853
-29.384758529572487, 4.654872704007789, -9.099999899999853
-29.746112608096208, 2.8389785605931195e-05, -9.099999899999853
-29.384767721714947, -4.654814032430716, -9.099999899999853
-28.300967571709045, -9.195963681655098, -9.099999899999853
-26.514362070634704, -13.509223531526334, -9.099999899999853
-24.069651565484758, -17.48667340618047, -9.099999899999853
-21.033692995080614, -21.033662883174596, -9.099999899999853
-17.48670992326722, -24.06962494113085, -9.099999899999853
-13.509266427167526, -26.514340172394377, -9.099999899999853
-9.196006797088737, -28.300953599355104, -9.099999899999853
-4.654850265863522, -29.384762044671696, -9.099999899999853
0.0, -29.74611260810948, -9.099999899999853
8.881784197001252e-16, -29.746112608109474, -9.099999899999853
4.654836470540802, -29.38476420664772, -9.099999899999853
9.195979886223393, -28.300962321552763, -9.099999899999853
13.509233645390596, -26.514356906689954, -9.099999899999853
17.486677994101896, -24.069648220337562, -9.099999899999853
21.03366288316689, -21.03369299508832, -9.099999899999853
24.069621595970553, -17.486714511192858, -9.099999899999853
26.514335008428468, -13.509276541033477, -9.099999899999853
28.300948349166784, -9.196023001673002, -9.099999899999853
29.384758529570416, -4.654872704021555, -9.099999899999853
29.746112608096315, -2.8389806183248822e-05, -9.099999899999853
29.384767721719328, 4.654814032403001, -9.099999899999853
28.30096757171836, 9.1959636816266, -9.099999899999853
26.51436207064825, 13.509223531499908, -9.099999899999853
24.06965156550223, 17.486673406156584, -9.099999899999853
21.033692995104474, 21.033662883150814, -9.099999899999853
17.486709923290835, 24.069624941113776, -9.099999899999853
13.509266427182874, 26.514340172386564, -9.099999899999853
9.196006797090437, 28.300953599354585, -9.099999899999853
4.654850265855579, 29.384762044672947, -9.099999899999853
-8.881784197001252e-16, 29.74611260810948, -9.099999899999853
3.907985046680551e-14, 29.16876233891985, -10.099999899999853
-4.562838871235406, 28.80912126737871, -10.099999899999853
-9.013192493162816, 27.739905627778935, -10.099999899999853
-13.241785846826733, 25.988364910930194, -10.099999899999853
-17.14471070088403, 23.597539315496114, -10.099999899999853
-20.625429648676235, 20.625429648661886, -10.099999899999853
-23.59753931550761, 17.1447107008682, -10.099999899999853
-25.988364910938273, 13.241785846810876, -10.099999899999853
-27.739905627783795, 9.013192493147848, -10.099999899999853
-28.809121267380792, 4.562838871222376, -10.099999899999853
-29.16876233891989, -9.28778079348388e-12, -10.099999899999853
-28.809121267377876, -4.562838871240726, -10.099999899999853
-27.739905627777972, -9.013192493165818, -10.099999899999853
-25.98836491093058, -13.241785846826032, -10.099999899999853
-23.597539315498867, -17.144710700880218, -10.099999899999853
-20.62542964866787, -20.6254296486702, -10.099999899999853
-17.144710700877596, -23.59753931550072, -10.099999899999853
-13.241785846823518, -25.988364910931764, -10.099999899999853
-9.013192493162387, -27.739905627779006, -10.099999899999853
-4.562838871234617, -28.80912126737881, -10.099999899999853
0.0, -29.16876233891985, -10.099999899999853
4.440892098500626e-16, -29.16876233891985, -10.099999899999853
4.562838871237033, -28.80912126737842, -10.099999899999853
9.013192493168267, -27.739905627777105, -10.099999899999853
13.24178584683188, -25.988364910927512, -10.099999899999853
17.14471070088809, -23.597539315493087, -10.099999899999853
20.625429648679777, -20.62542964865829, -10.099999899999853
23.597539315510936, -17.144710700863616, -10.099999899999853
25.988364910941186, -13.241785846805234, -10.099999899999853
27.739905627786094, -9.013192493140973, -10.099999899999853
28.809121267382693, -4.562838871210851, -10.099999899999853
29.168762338919983, 2.3353481883090256e-11, -10.099999899999853
28.809121267375275, 4.562838871257736, -10.099999899999853
27.739905627772323, 9.013192493183478, -10.099999899999853
25.988364910922243, 13.241785846842522, -10.099999899999853
23.597539315489627, 17.14471070089305, -10.099999899999853
20.625429648657615, 20.625429648680534, -10.099999899999853
17.14471070086655, 23.597539315508808, -10.099999899999853
13.241785846811807, 25.98836491093777, -10.099999899999853
9.013192493152824, 27.739905627782136, -10.099999899999853
4.562838871229741, 28.80912126737958, -10.099999899999853
-4.440892098500626e-16, 29.16876233891985, -10.099999899999853
3.907985046680551e-14, 28.591412069730215, -11.099999899999853
-4.470814448395676, 28.233438703326676, -11.099999899999853
-8.830373335646712, 27.178847636270365, -11.099999899999853
-12.974306304029366, 25.462376659095014, -11.099999899999853
-16.802690640376472, 23.125415200363687, -11.099999899999853
-20.21715788795988, 20.21720482842242, -11.099999899999853
-23.1253880347317, 16.802728150842583, -11.099999899999853
-25.46235705690091, 12.974344936155026, -11.099999899999853
-27.178835224636323, 8.83041133169016, -11.099999899999853
-28.233432922528504, 4.47085062205864, -11.099999899999853
-28.5914120697027, 3.9121186110158135e-05, -11.099999899999853
-28.233442115631142, -4.470793180358591, -11.099999899999853
-27.178852356668827, -8.830358879398892, -11.099999899999853
-25.462380492192416, -12.974298762383016, -11.099999899999853
-23.125416174934635, -16.802689293408207, -11.099999899999853
-20.21720119763139, -20.217161518758893, -11.099999899999853
-16.802718483817003, -23.125395029129297, -11.099999899999853
-12.974328239690944, -25.46236554302754, -11.099999899999853
-8.830387062402243, -27.178843137236324, -11.099999899999853
-4.470818706338981, -28.23343804210954, -11.099999899999853
0.0, -28.591412069730215, -11.099999899999853
4.440892098500626e-16, -28.591412069730215, -11.099999899999853
4.470822427582208, -28.233437423394886, -11.099999899999853
8.830388701956085, -27.178842626349226, -11.099999899999853
12.974327782782037, -25.462365758466145, -11.099999899999853
16.802717595174073, -23.125395670684597, -11.099999899999853
20.217197306491347, -20.217165409906034, -11.099999899999853
23.125415672251748, -16.80268995146286, -11.099999899999853
25.462379614988354, -12.974300537936106, -11.099999899999853
27.17885131964574, -8.830362011851802, -11.099999899999853
28.233441641257887, -4.470796130457043, -11.099999899999853
28.59141206971115, 3.2629051299864376e-05, -11.099999899999853
28.233433046086013, 4.470849715931827, -11.099999899999853
27.178835606846622, 8.830410231956964, -11.099999899999853
25.46235775972658, 12.974343520311091, -11.099999899999853
23.12538824849447, 16.802727853454947, -11.099999899999853
20.217159986381102, 20.21720273000606, -11.099999899999853
16.80268778162572, 23.125417242192214, -11.099999899999853
12.974302600382092, 25.4623785667352, -11.099999899999853
8.83036880355831, 27.178849090214918, -11.099999899999853
4.470809225212089, 28.233439562964183, -11.099999899999853
-4.440892098500626e-16, 28.591412069730215, -11.099999899999853
3.907985046680551e-14, 28.014061800540592, -12.099999899999853
-4.378796939549722, 27.65770834501991, -12.099999899999853
-8.64757443571654, 26.617770767648498, -12.099999899999853
-12.706853274221228, 24.93636189991718, -12.099999899999853
-16.46067326550204, 22.653232205912317, -12.099999899999853
-19.808916874639202, 19.808949260829436, -12.099999899999853
-22.653225371704913, 16.460682693414665, -12.099999899999853
-24.936359796187855, 12.706857548948049, -12.099999899999853
-26.617769950263217, 8.647576932942073, -12.099999899999853
-27.65770692018256, 4.378805821778291, -12.099999899999853
-28.014061800528907, 2.4952534276145855e-05, -12.099999899999853
-27.657709412113075, -4.378790271781164, -12.099999899999853
-26.61777276131655, -8.647568521993986, -12.099999899999853
-24.93636252939229, -12.706852077909558, -12.099999899999853
-22.653224932870476, -16.460683302857735, -12.099999899999853
-19.808913457532604, -19.8089526779295, -12.099999899999853
-16.4606543974102, -22.653245780091392, -12.099999899999853
-12.706824674516639, -24.936376401769998, -12.099999899999853
-8.647544876918047, -26.617780435828458, -12.099999899999853
-4.378776861566527, -27.657711623524495, -12.099999899999853
0.0, -28.014061800540592, -12.099999899999853
8.881784197001252e-16, -28.01406180054059, -12.099999899999853
4.378800809101271, -27.6577077165764, -12.099999899999853
8.647581887632512, -26.617768330112273, -12.099999899999853
12.706863763503025, -24.936356581390427, -12.099999899999853
16.460685987419193, -22.653223038910518, -12.099999899999853
19.80893073458273, -19.80893540089959, -12.099999899999853
22.653239122303738, -16.46066361039579, -12.099999899999853
24.936372205965974, -12.706833074156012, -12.099999899999853
26.61777951182901, -8.647547767411416, -12.099999899999853
27.657713543417046, -4.378764835303619, -12.099999899999853
28.01406180048993, 5.188216895303271e-05, -12.099999899999853
27.657700102840533, 4.378847689327493, -12.099999899999853
26.61775492837248, 8.647622858650898, -12.099999899999853
24.936339391558892, 12.706897710635317, -12.099999899999853
22.65319929515271, 16.460718882674232, -12.099999899999853
19.808887615984236, 19.80897851938827, -12.099999899999853
16.460630677593826, 22.653262871764298, -12.099999899999853
12.706805117624343, 24.936386317931785, -12.099999899999853
8.64753098317217, 26.61778498047707, -12.099999899999853
4.378769647093514, 27.657712795200737, -12.099999899999853
-4.440892098500626e-16, 28.01406180054059, -12.099999899999853
3.552713678800501e-14, 27.43671153135097, -13.099999899999853
-4.286755381347301, 27.08193214681346, -13.099999899999853
-8.46474037390795, 26.056692589798196, -13.099999899999853
-12.439364232453698, 24.4103517129176, -13.099999899999853
-16.118605637082815, 22.181024846632045, -13.099999899999853
-19.40068851563326, 19.400681038920837, -13.099999899999853
-22.181014361153355, 16.11862031571971, -13.099999899999853
-24.410341128852888, 12.439385179143535, -13.099999899999853
-26.056685054216377, 8.464763303580618, -13.099999899999853
-27.081928856853327, 4.286775150525611, -13.099999899999853
-27.436711531349992, -7.2370097344548815e-06, -13.099999899999853
-27.081931188788683, -4.286761205425504, -13.099999899999853
-26.05669116539512, -8.464744713891378, -13.099999899999853
-24.410350253655533, -12.43936711756318, -13.099999899999853
-22.18102373985332, -16.118607179666952, -13.099999899999853
-19.40068064011693, -19.40068891443701, -13.099999899999853
-16.118620941809148, -22.18101391194397, -13.099999899999853
-12.439387057641001, -24.41034017872402, -13.099999899999853
-8.464765365413655, -26.05668437621793, -13.099999899999853
-4.286777980880704, -27.081928381533576, -13.099999899999853
0.0, -27.436711531350966, -13.099999899999853
4.440892098500626e-16, -27.43671153135097, -13.099999899999853
4.2867537667551705, -27.081932412403614, -13.099999899999853
8.464737264485581, -26.056693610324846, -13.099999899999853
12.439359851881758, -24.410353928570164, -13.099999899999853
16.118600318803757, -22.181028662408497, -13.099999899999853
19.40068273005803, -19.40068682449662, -13.099999899999853
22.181008637403554, -16.118628293242356, -13.099999899999853
24.410335958727437, -12.439395400982168, -13.099999899999853
26.05668136640163, -8.464774535926345, -13.099999899999853
27.081926765904495, -4.286787802650591, -13.099999899999853
27.43671153134898, -1.0255788305268965e-05, -13.099999899999853
27.08193013288672, 4.286767393488113, -13.099999899999853
26.056689947908062, 8.464748450507749, -13.099999899999853
24.410349415785547, 12.439368771394994, -13.099999899999853
22.18102394689043, 16.11860687461721, -13.099999899999853
19.4006850656542, 19.400684488900776, -13.099999899999853
16.11860768391651, 22.181023378117995, -13.099999899999853
12.439375708996135, 24.41034592823864, -13.099999899999853
8.464757616033804, 26.056686919607483, -13.099999899999853
4.286773956873556, 27.08192904346035, -13.099999899999853
-8.881784197001252e-16, 27.43671153135097, -13.099999899999853
3.552713678800501e-14, 26.859361262161347, -14.099999899999853
-4.1947064128264815, 26.506104055215324, -14.099999899999853
-8.281905659231827, 25.49560113153627, -14.099999899999853
-12.17187606923047, 23.88432662844197, -14.099999899999853
-15.776505556978604, 21.708776277620608, -14.099999899999853
-18.992434973292823, 18.992438000334175, -14.099999899999853
-21.708750252451928, 15.776541995097592, -14.099999899999853
-23.884303490500496, 12.171922012463328, -14.099999899999853
-25.49558512775462, 8.28195413657605, -14.099999899999853
-26.506096884500987, 4.194749426966846, -14.099999899999853
-26.85936126216131, 2.3308234258223592e-06, -14.099999899999853
-26.506104310169437, -4.194704883171428, -14.099999899999853
-25.49560137263834, -8.28190492716453, -14.099999899999853
-23.88432573118123, -12.171877920559808, -14.099999899999853
-21.70877458310287, -15.776507920183864, -14.099999899999853
-18.992440735901006, -18.992432237725115, -14.099999899999853
-15.776517905858684, -21.708767458308913, -14.099999899999853
-12.171899024615868, -23.88431509340123, -14.099999899999853
-8.2819339104644, -25.495591823667645, -14.099999899999853
-4.194734006895277, -26.50609944925237, -14.099999899999853
0.0, -26.859361262161347, -14.099999899999853
8.881784197001252e-16, -26.859361262161343, -14.099999899999853
4.194709517027438, -26.50610353782478, -14.099999899999853
8.281911637450065, -25.495599162644613, -14.099999899999853
12.17188634150422, -23.884321482820276, -14.099999899999853
15.77651752145158, -21.708767725181733, -14.099999899999853
18.99244225459828, -18.992430719026927, -14.099999899999853
21.708777067833037, -15.776504452276953, -14.099999899999853
23.88432360644447, -12.171882150393156, -14.099999899999853
25.49559780466262, -8.28191564534884, -14.099999899999853
26.50610299186147, -4.194712784680162, -14.099999899999853
26.859361262140904, 3.143961957856573e-05, -14.099999899999853
26.50609931338822, 4.1947348624018, -14.099999899999853
25.495592921661768, 8.281930587147098, -14.099999899999853
23.88431508368012, 12.171899025631099, -14.099999899999853
21.708762806248647, 15.776524408080231, -14.099999899999853
18.99242879645229, 18.992444177171482, -14.099999899999853
15.776506913937979, 21.708775309537103, -14.099999899999853
12.17188997961063, 23.884319656607012, -14.099999899999853
8.281927495460653, 25.49559393641848, -14.099999899999853
4.194730675833482, 26.50610000445836, -14.099999899999853
-4.440892098500626e-16, 26.859361262161343, -14.099999899999853
3.552713678800501e-14, 26.282010992971724, -15.099999899999853
-4.102653153771151, 25.930220026009426, -15.099999899999853
-8.099079803304376, 24.934492551480353, -15.099999899999853
-11.904405620989435, 23.35827754350312, -15.099999899999853
-15.434396290923331, 21.236465528638377, -15.099999899999853
-18.584203999734125, 18.584172392949846, -15.099999899999853
-21.236459606451337, 15.434404625789657, -15.099999899999853
-23.358270540053738, 11.904419570696069, -15.099999899999853
-24.934486758476908, 8.099097285700253, -15.099999899999853
-25.930216916597395, 4.102671541317362, -15.099999899999853
-26.282010992951285, -3.065821277496866e-05, -15.099999899999853
-25.930215854205386, -4.102677845430251, -15.099999899999853
-24.93448645516469, -8.099098247765712, -15.099999899999853
-23.35827133641213, -11.904417957012964, -15.099999899999853
-21.236460781164308, -15.434402968781662, -15.099999899999853
-18.584170570562573, -18.584205822117724, -15.099999899999853
-15.434407102568654, -21.236457845639663, -15.099999899999853
-11.904427302273561, -23.358266649768545, -15.099999899999853
-8.09910816300409, -24.934483179437212, -15.099999899999853
-4.102688180499243, -25.93021410230427, -15.099999899999853
0.0, -26.282010992971724, -15.099999899999853
4.440892098500626e-16, -26.282010992971724, -15.099999899999853
4.102653618044275, -25.93021994756777, -15.099999899999853
8.099080697460721, -24.93449225594156, -15.099999899999853
11.904409409109824, -23.35827565462291, -15.099999899999853
15.43440027907839, -21.23646268972844, -15.099999899999853
18.584202019518766, -18.584174373168857, -15.099999899999853
21.236485317662382, -15.43436845953609, -15.099999899999853
23.35828700737653, -11.904386837100034, -15.099999899999853
24.93449559747305, -8.099070543207336, -15.099999899999853
25.930221217792177, -4.102646083790228, -15.099999899999853
26.282010992907836, 5.412941933300216e-05, -15.099999899999853
25.930212335075968, 4.102698673991828, -15.099999899999853
24.934480562462035, 8.099116076152887, -15.099999899999853
23.35826395157899, 11.904432633670993, -15.099999899999853
21.23645262125828, 15.434414446600444, -15.099999899999853
18.584162272186262, 18.584214120471756, -15.099999899999853
15.434399450771055, 21.236463285516, -15.099999899999853
11.904421012160912, 23.358269814754475, -15.099999899999853
8.09910370577788, 24.934484652655403, -15.099999899999853
4.102685866071536, 25.930214493343126, -15.099999899999853
-8.881784197001252e-16, 26.282010992971724, -15.099999899999853
3.552713678800501e-14, 25.7046607237821, -16.09999989999985
-4.010573021977039, 25.35427991928439, -16.09999989999985
-7.916219252584302, 24.37338049290025, -16.09999989999985
-11.636900494622768, 22.832229976804726, -16.09999989999985
-15.092218843218212, 20.76412983132272, -16.09999989999985
-18.17593624475147, 18.17594356701933, -16.09999989999985
-20.76408226527495, 15.092286071292708, -16.09999989999985
-22.832190464047116, 11.636979235634577, -16.09999989999985
-24.373352598988387, 7.916303303472208, -16.09999989999985
-25.35426576909219, 4.0106555921147855, -16.09999989999985
-25.704660723773756, 1.91469653243459e-05, -16.09999989999985
-25.354272228696196, -4.0106178870945275, -16.09999989999985
-24.37336922732118, -7.916253169379322, -16.09999989999985
-22.832219840277926, -11.636920670468742, -16.09999989999985
-20.76411896138654, -15.092234195821828, -16.09999989999985
-18.175937463647745, -18.175942348123655, -16.09999989999985
-15.092228523666769, -20.764122972878315, -16.09999989999985
-11.636927477998862, -22.832216420854103, -16.09999989999985
-7.916265346750103, -24.373365190838605, -16.09999989999985
-4.010626447959842, -25.354270762831618, -16.09999989999985
0.0, -25.7046607237821, -16.09999989999985
4.440892098500626e-16, -25.7046607237821, -16.09999989999985
4.010575575190764, -25.354279481808273, -16.09999989999985
7.916224170048384, -24.37337886158238, -16.09999989999985
11.636907440671804, -22.832226491333543, -16.09999989999985
15.092227302429485, -20.7641238469607, -16.09999989999985
18.175945403524587, -18.175934408245134, -16.09999989999985
20.764091241619415, -15.092273382828733, -16.09999989999985
22.832198596863165, -11.63696302819333, -16.09999989999985
24.373359124362004, -7.916283633487298, -16.09999989999985
25.354269706587964, -4.010632612360625, -16.09999989999985
25.70466072378114, 6.758189923983381e-06, -16.09999989999985
25.35426741621479, 4.010645973487889, -16.09999989999985
24.373359439307546, 7.916282674319134, -16.09999989999985
22.83220561806091, 11.636949038038322, -16.09999989999985
20.76410136566354, 15.09225908086365, -16.09999989999985
18.17591226704636, 18.175967544675743, -16.09999989999985
15.092254036824231, 20.764104927761267, -16.09999989999985
11.636948652475365, 22.832205810518158, -16.09999989999985
7.916275594324872, 24.3733617912906, -16.09999989999985
4.010631768789828, 25.35426985113029, -16.09999989999985
-4.440892098500626e-16, 25.7046607237821, -16.09999989999985
3.197442310920451e-14, 25.0711265718468, -17.09999989999985
-3.9100092449498907, 24.723807004496066, -17.09999989999985
-7.71678620798448, 23.760961253534152, -17.09999989999985
-11.344849870370881, 22.258176263788055, -17.09999989999985
-14.717498118867606, 20.2472215805302, -17.09999989999985
-17.727954533387184, 17.727972688485387, -17.09999989999985
-20.247207458090987, 14.717518169447432, -17.09999989999985
-22.25815787489817, 11.344886606653636, -17.09999989999985
-23.76094373364449, 7.71683876671776, -17.09999989999985
-24.723798295217186, 3.9100594598536746, -17.09999989999985
-25.071126571827108, -2.8579876856967253e-05, -17.09999989999985
-24.72378832740715, -3.910116911786906, -17.09999989999985
-23.760930548529934, -7.716878383713485, -17.09999989999985
-22.258142119665717, -11.344918119723921, -17.09999989999985
-20.24718532249251, -14.717549616646679, -17.09999989999985
-17.7279319192705, -17.727995302539053, -17.09999989999985
-14.717546125751674, -20.24718776552169, -17.09999989999985
-11.344916334509708, -22.25814302242194, -17.09999989999985
-7.716862779434836, -23.76093574167217, -17.09999989999985
-3.9100860070708716, -24.723793689526076, -17.09999989999985
0.0, -25.07112657184678, -17.09999989999985
4.440892098500626e-16, -25.07112657184678, -17.09999989999985
3.9100053901713907, -24.723807673252697, -17.09999989999985
7.716778783389056, -23.76096372458476, -17.09999989999985
11.344837807433407, -22.258182321967855, -17.09999989999985
14.717480773185558, -20.247233810085273, -17.09999989999985
17.727939726096363, -17.727987495742756, -17.09999989999985
20.247145737231772, -14.717605797816578, -17.09999989999985
22.258112860578095, -11.344976588530352, -17.09999989999985
23.760915694620092, -7.716923068650673, -17.09999989999985
24.723783146196233, -3.9101468391644163, -17.09999989999985
25.07112657178156, -5.1935709654227225e-05, -17.09999989999985
24.7238154825423, 3.9099603763952064, -17.09999989999985
23.760976179069047, 7.716741362151084, -17.09999989999985
22.258196374919244, 11.34480969408196, -17.09999989999985
20.247246106728923, 14.717463296042174, -17.09999989999985
17.728001154731814, 17.72792606704995, -17.09999989999985
14.717549173288239, 20.247185621527137, -17.09999989999985
11.344918428625478, 22.258141945583247, -17.09999989999985
7.716870316169484, 23.7609332332723, -17.09999989999985
3.9100899202211457, 24.72379301062935, -17.09999989999985
-8.881784197001252e-16, 25.0711265718468, -17.09999989999985
3.197442310920451e-14, 24.169537808949375, -18.09999989999985
-3.7689106290793983, 23.83312644807522, -18.09999989999985
-7.438053142125429, 22.903185898103807, -18.09999989999985
-10.935386777516822, 21.454552602628567, -18.09999989999985
-14.187447072449697, 19.517655118256034, -18.09999989999985
-17.09042279846502, 17.090465367208076, -18.09999989999985
-19.517621172175062, 14.187495330119308, -18.09999989999985
-21.454518917092944, 10.935454119860296, -18.09999989999985
-22.903157128545935, 7.438139473276821, -18.09999989999985
-23.83311107750185, 3.7689989896151657, -18.09999989999985
-24.16953780894928, 2.7018747656981645e-06, -18.09999989999985
-23.83312684041011, -3.768908375786428, -18.09999989999985
-22.903186489957744, -7.438051365499615, -18.09999989999985
-21.454553254871556, -10.935385473601144, -18.09999989999985
-19.517655718476153, -14.187446219139026, -18.09999989999985
-17.090465811683654, -17.09042235398819, -18.09999989999985
-14.187495505075978, -19.517621049109675, -18.09999989999985
-10.935453940281686, -21.45451900692218, -18.09999989999985
-7.438137257862411, -22.903157847352983, -18.09999989999985
-3.768992616669504, -23.833112176644736, -18.09999989999985
0.0, -24.169537808949375, -18.09999989999985
-4.440892098500626e-16, -24.169537808949368, -18.09999989999985
3.7689077893325877, -23.833126942521105, -18.09999989999985
7.438047672580619, -22.903187720192772, -18.09999989999985
10.935377519367618, -21.454557254130055, -18.09999989999985
14.187433200647902, -19.51766488836565, -18.09999989999985
17.090411718264782, -17.090476447365646, -18.09999989999985
19.517562404140495, -14.187578872753862, -18.09999989999985
21.45447717873455, -10.935537619264327, -18.09999989999985
22.903132674078044, -7.438212879470273, -18.09999989999985
23.8330989109661, -3.7690688634060217, -18.09999989999985
24.1695378088352, -6.71793951529942e-05, -18.09999989999985
23.833136794272058, 3.768851207439316, -18.09999989999985
22.90320279299932, 7.438002426893738, -18.09999989999985
21.454573446850787, 10.935345107202174, -18.09999989999985
19.51767797616845, 14.187414576134579, -18.09999989999985
17.090488608133978, 17.090399557429667, -18.09999989999985
14.187516600344402, 19.517606210568452, -18.09999989999985
10.93547123998811, 21.45451035321502, -18.09999989999985
7.438149492465558, 22.9031537715456, -18.09999989999985
3.768998968880294, 23.833111070597266, -18.09999989999985
-4.440892098500626e-16, 24.169537808949375, -18.09999989999985
